139.012619 90.333000 -10.775000
138.763550 90.427849 -10.767187
138.450211 90.582001 -10.782812
138.073730 90.794647 -10.775000
137.635559 91.064774 -10.775000
137.137299 91.391243 -10.775000
136.580521 91.772896 -10.767187
135.966644 92.208710 -10.767187
135.296738 92.697876 -10.767187
134.980850 93.123428 -10.767187
134.940842 93.270905 -10.767187
134.876892 93.440155 -10.814062
134.789352 93.630852 -10.775000
134.678711 93.842545 -10.767187
134.545609 94.074654 -10.767187
134.390808 94.326500 -10.798437
134.215164 94.597282 -10.767187
134.019653 94.886131 -10.775000
133.805313 95.192101 -10.775000
133.573242 95.514183 -10.767187
133.324615 95.851318 -10.775000
133.060638 96.202415 -10.775000
132.782516 96.566360 -10.775000
132.491516 96.942024 -10.767187
132.188843 97.328293 -10.767187
131.875717 97.724060 -10.790625
131.553329 98.128250 -10.775000
131.222824 98.539825 -10.775000
130.885269 98.957802 -10.775000
130.541672 99.381279 -10.775000
130.192947 99.809402 -10.775000
129.839920 100.241447 -10.775000
129.483292 100.676773 -10.767187
129.123627 101.114853 -10.767187
128.761353 101.555305 -10.775000
128.396729 101.997879 -10.775000
127.883934 102.019302 -10.790625
127.594727 102.078430 -10.775000
127.230339 102.174919 -10.775000
126.792763 102.308182 -10.782812
126.284508 102.477448 -10.790625
125.708298 102.681854 -10.767187
125.066803 102.920547 -10.767187
124.362373 103.192757 -10.782812
123.596733 103.497879 -10.775000
123.149635 103.635925 -10.767187
122.928146 103.833389 -10.775000
122.632973 104.089706 -10.775000
122.265343 104.403893 -10.767187
121.826805 104.774719 -10.767187
121.319084 105.200798 -10.775000
120.743881 105.680779 -10.775000
120.102715 106.213448 -10.775000
119.396729 106.797882 -10.775000
118.903206 106.977562 -10.767187
118.608452 107.235100 -10.775000
118.214615 107.568840 -10.775000
117.725166 107.976120 -10.782812
117.144394 108.453636 -10.782812
116.476967 108.997795 -10.782812
115.727417 109.605118 -10.775000
114.899712 110.272552 -10.782812
113.996735 110.997879 -10.767187
113.554398 111.011597 -10.775000
113.381073 111.046432 -10.775000
113.177063 111.102196 -10.775000
112.942909 111.178520 -10.782812
112.679359 111.274879 -10.775000
112.387337 111.390648 -10.782812
112.067917 111.525101 -10.767187
111.722290 111.677422 -10.782812
111.351707 111.846764 -10.782812
110.957474 112.032219 -10.775000
110.540909 112.232910 -10.775000
110.103294 112.447952 -10.767187
109.645874 112.676498 -10.775000
109.169785 112.917763 -10.767187
108.676064 113.171066 -10.767187
108.165565 113.435799 -10.775000
107.638969 113.711510 -10.782812
107.096733 113.997879 -10.775000
106.603203 114.140640 -10.775000
106.308449 114.298935 -10.790625
105.914612 114.472420 -10.775000
105.425163 114.660576 -10.782812
104.844391 114.862740 -10.775000
104.176964 115.078194 -10.782812
103.427422 115.306252 -10.775000
102.599709 115.546288 -10.775000
101.696732 115.797882 -10.782812
101.226936 115.803505 -10.775000
101.017189 115.819183 -10.782812
100.768105 115.844872 -10.782812
100.480766 115.880463 -10.782812
100.156647 115.925827 -10.782812
99.797554 115.980774 -10.775000
99.405586 116.045090 -10.775000
98.983009 116.118530 -10.782812
98.532272 116.200844 -10.775000
98.055878 116.291756 -10.775000
97.556343 116.390991 -10.775000
97.036148 116.498276 -10.775000
96.497635 116.613350 -10.775000
95.942993 116.735962 -10.775000
95.374146 116.865898 -10.775000
94.792732 117.002960 -10.767187
94.199982 117.146988 -10.798437
93.596733 117.297882 -10.775000
93.167229 117.298286 -10.775000
93.010277 117.300262 -10.775000
92.826088 117.303848 -10.767187
92.615074 117.309082 -10.775000
92.377800 117.316032 -10.775000
92.114967 117.324760 -10.775000
91.827393 117.335350 -10.782812
91.515961 117.347878 -10.775000
91.181633 117.362434 -10.775000
90.825394 117.379105 -10.767187
90.448242 117.397980 -10.775000
90.051170 117.419136 -10.775000
89.635101 117.442665 -10.775000
89.200920 117.468628 -10.767187
88.749397 117.497086 -10.782812
88.281212 117.528099 -10.775000
87.796867 117.561684 -10.775000
87.296730 117.597878 -10.775000
86.806305 117.600441 -10.782812
86.568466 117.608299 -10.775000
86.284126 117.621490 -10.782812
85.954865 117.640060 -10.775000
85.582817 117.664070 -10.775000
85.170616 117.693581 -10.775000
84.721260 117.728653 -10.790625
84.238068 117.769356 -10.767187
83.724541 117.815750 -10.775000
83.184303 117.867889 -10.775000
82.620972 117.925850 -10.775000
82.038116 117.989677 -10.782812
81.439117 118.059418 -10.782812
80.827087 118.135117 -10.775000
80.204796 118.216797 -10.767187
79.574570 118.304482 -10.775000
78.938164 118.398178 -10.790625
78.296730 118.497879 -10.775000
77.854393 118.197876 -10.775000
77.681076 118.197876 -10.782812
77.477066 118.197876 -10.782812
77.242912 118.197876 -10.775000
76.979355 118.197876 -10.775000
76.687332 118.197876 -10.782812
76.367920 118.197876 -10.775000
76.022285 118.197876 -10.775000
75.651703 118.197876 -10.790625
75.257477 118.197876 -10.782812
74.840904 118.197876 -10.775000
74.403297 118.197876 -10.782812
73.945869 118.197876 -10.775000
73.469788 118.197876 -10.775000
72.976059 118.197876 -10.782812
72.465561 118.197876 -10.775000
71.938965 118.197876 -10.790625
71.396729 118.197876 -10.775000
70.947739 117.897881 -10.798437
70.765778 117.897881 -10.775000
70.551201 117.897881 -10.775000
70.304657 117.897881 -10.782812
70.027016 117.897881 -10.790625
69.719383 117.897881 -10.790625
69.383018 117.897881 -10.775000
69.019295 117.897881 -10.775000
68.629707 117.897881 -10.775000
68.215767 117.897881 -10.782812
67.779022 117.897881 -10.790625
67.320976 117.897881 -10.775000
66.843079 117.897881 -10.782812
66.346664 117.897881 -10.775000
65.832932 117.897881 -10.790625
65.302879 117.897881 -10.775000
64.757309 117.897881 -10.798437
64.196732 117.897881 -10.782812
63.761024 117.597878 -10.775000
63.596233 117.597878 -10.775000
63.402603 117.597878 -10.775000
63.180592 117.597878 -10.782812
62.930824 117.597878 -10.775000
62.654087 117.597878 -10.775000
62.351284 117.597878 -10.782812
62.023415 117.597878 -10.775000
61.671543 117.597878 -10.775000
61.296772 117.597878 -10.775000
60.900211 117.597878 -10.775000
60.482960 117.597878 -10.782812
60.046062 117.597878 -10.775000
59.590488 117.597878 -10.775000
59.117115 117.597878 -10.782812
58.626675 117.597878 -10.798437
58.119751 117.597878 -10.775000
57.596733 117.597878 -10.782812
57.154396 117.293762 -10.775000
56.981075 117.283310 -10.775000
56.777065 117.266586 -10.775000
56.542908 117.243690 -10.782812
56.279354 117.214783 -10.775000
55.987335 117.180046 -10.782812
55.667919 117.139717 -10.767187
55.322289 117.094017 -10.782812
54.951706 117.043213 -10.782812
54.557476 116.987579 -10.775000
54.140907 116.927368 -10.775000
53.703293 116.862862 -10.782812
53.245872 116.794296 -10.775000
52.769787 116.721916 -10.775000
52.276062 116.645927 -10.782812
51.765564 116.566505 -10.775000
51.238968 116.483795 -10.775000
50.696732 116.397881 -10.775000
50.267620 116.096527 -10.782812
50.111252 116.093132 -10.782812
49.927826 116.087715 -10.775000
49.717720 116.080284 -10.790625
49.481457 116.070900 -10.782812
49.219688 116.059601 -10.782812
48.933174 116.046448 -10.775000
48.622746 116.031494 -10.775000
48.289295 116.014824 -10.775000
47.933746 115.996490 -10.775000
47.557034 115.976570 -10.790625
47.160072 115.955132 -10.775000
46.743740 115.932236 -10.790625
46.308861 115.907959 -10.782812
45.856167 115.882339 -10.790625
45.386276 115.855431 -10.790625
44.899689 115.827271 -10.775000
44.396732 115.797882 -10.782812
43.855541 115.470192 -10.775000
43.526051 115.395752 -10.775000
43.110138 115.275566 -10.782812
42.610825 115.111221 -10.775000
42.031857 114.904709 -10.775000
41.377296 114.658180 -10.782812
40.651115 114.373726 -10.775000
39.856750 114.053185 -10.782812
38.996731 113.697884 -10.782812
38.561024 113.693802 -10.775000
38.396233 113.683487 -10.775000
38.202602 113.666992 -10.775000
37.980591 113.644424 -10.775000
37.730824 113.615898 -10.775000
37.454086 113.581596 -10.767187
37.151287 113.541710 -10.775000
36.823414 113.496452 -10.782812
36.471542 113.446053 -10.775000
36.096771 113.390747 -10.775000
35.700211 113.330765 -10.775000
35.282959 113.266357 -10.775000
34.846062 113.197739 -10.782812
34.390491 113.125114 -10.782812
33.917114 113.048676 -10.775000
33.426674 112.968582 -10.790625
32.919750 112.884956 -10.782812
32.396732 112.797882 -10.775000
31.870071 112.484131 -10.775000
31.561241 112.447273 -10.775000
31.171713 112.387718 -10.767187
30.703876 112.306137 -10.775000
30.160717 112.203377 -10.782812
29.545481 112.080338 -10.767187
28.861341 111.937927 -10.775000
28.111076 111.776917 -10.775000
27.296732 111.597878 -10.775000
26.827230 111.575272 -10.775000
26.598295 111.515526 -10.775000
26.310364 111.418900 -10.782812
25.964212 111.285889 -10.798437
25.560843 111.117119 -10.775000
25.101364 110.913277 -10.775000
24.586893 110.675064 -10.775000
24.018425 110.403107 -10.767187
23.396732 110.097878 -10.782812
22.967228 109.788025 -10.775000
22.810274 109.762291 -10.775000
22.626087 109.720741 -10.767187
22.415073 109.663528 -10.775000
22.177801 109.590874 -10.782812
21.914970 109.503052 -10.782812
21.627390 109.400375 -10.775000
21.315960 109.283211 -10.767187
20.981630 109.151924 -10.767187
20.625393 109.006920 -10.775000
20.248245 108.848610 -10.775000
19.851168 108.677376 -10.775000
19.435102 108.493607 -10.782812
19.000919 108.297668 -10.775000
18.549400 108.089874 -10.782812
18.081209 107.870506 -10.782812
17.596870 107.639793 -10.775000
17.096731 107.397881 -10.775000
16.737436 107.403137 -10.775000
16.659607 107.415428 -10.775000
16.563238 107.434738 -10.775000
16.448338 107.461067 -10.775000
16.314924 107.494423 -10.775000
16.163025 107.534798 -10.775000
15.992671 107.582169 -10.775000
15.803897 107.636536 -10.767187
15.596735 107.697876 -10.767187
