15.284084 107.351624 -10.775000
15.257930 107.291931 -10.775000
15.218258 107.218788 -10.775000
15.165071 107.132195 -10.775000
15.098373 107.032166 -10.775000
15.018177 106.918701 -10.775000
14.924496 106.791824 -10.775000
14.817344 106.651543 -10.775000
14.696738 106.497887 -10.775000
14.316485 106.417633 -10.775000
14.197716 106.298866 -10.775000
14.040457 106.141602 -10.767187
13.844809 105.945953 -10.767187
13.610924 105.712074 -10.775000
13.338984 105.440132 -10.767187
13.029182 105.130333 -10.767187
12.681711 104.782860 -10.782812
12.296733 104.397881 -10.775000
11.798326 104.053719 -10.782812
11.529323 103.934319 -10.767187
11.190642 103.740410 -10.775000
10.783816 103.473259 -10.775000
10.310769 103.134491 -10.775000
9.773608 102.725899 -10.767187
9.174407 102.249268 -10.775000
8.514993 101.706184 -10.790625
7.796732 101.097878 -10.782812
7.350082 100.658752 -10.775000
7.129108 100.460037 -10.790625
6.834467 100.202454 -10.767187
6.467298 99.887146 -10.775000
6.029064 99.515594 -10.782812
5.521382 99.089417 -10.775000
4.945863 98.610199 -10.775000
4.303946 98.079330 -10.775000
3.596732 97.497879 -10.767187
3.114983 97.325294 -10.767187
2.839031 97.073914 -10.775000
2.470561 96.745148 -10.775000
2.012316 96.341293 -10.775000
1.467719 95.865204 -10.767187
0.840488 95.319992 -10.767187
0.134264 94.708717 -10.767187
-0.647770 94.034019 -10.775000
-1.503268 93.297882 -10.767187
-1.566890 92.726410 -10.782812
-1.741060 92.353157 -10.775000
-2.023122 91.881287 -10.782812
-2.408808 91.315727 -10.775000
-2.892826 90.662582 -10.775000
-3.469444 89.928383 -10.767187
-4.133074 89.119476 -10.775000
-4.878862 88.241333 -10.775000
-5.703268 87.297882 -10.790625
-6.153952 86.839836 -10.767187
-6.370612 86.601105 -10.775000
-6.652283 86.282585 -10.775000
-6.997381 85.885796 -10.798437
-7.403924 85.412674 -10.767187
-7.869751 84.865356 -10.767187
-8.392743 84.245949 -10.775000
-8.971043 83.556320 -10.775000
-9.603268 82.797882 -10.790625
-10.039014 82.362137 -10.775000
-10.242898 82.158249 -10.782812
-10.514418 81.886734 -10.775000
-10.852683 81.548462 -10.775000
-11.256546 81.144600 -10.782812
-11.724733 80.676414 -10.775000
-12.255968 80.145180 -10.767187
-12.849108 79.552040 -10.775000
-13.503267 78.897881 -10.767187
-13.847437 78.413773 -10.775000
-13.966314 78.164703 -10.767187
-14.159316 77.851357 -10.782812
-14.425407 77.474869 -10.767187
-14.763250 77.036697 -10.775000
-15.171355 76.538437 -10.775000
-15.648234 75.981674 -10.767187
-16.192551 75.367798 -10.767187
-16.803268 74.697884 -10.767187
-17.125237 74.256165 -10.782812
-17.183891 74.065590 -10.775000
-17.279135 73.826378 -10.775000
-17.410751 73.538918 -10.775000
-17.578451 73.203758 -10.767187
-17.781889 72.821495 -10.775000
-18.020716 72.392738 -10.767187
-18.294600 71.918053 -10.775000
-18.603268 71.397881 -10.767187
-19.016567 71.284584 -10.767187
-19.185890 71.115257 -10.767187
-19.411020 70.890129 -10.775000
-19.691526 70.609619 -10.790625
-20.026833 70.274315 -10.782812
-20.416288 69.884857 -10.767187
-20.859232 69.441917 -10.782812
-21.355055 68.946091 -10.767187
-21.903267 68.397881 -10.767187
-22.302471 68.002724 -10.782812
-22.432924 67.882454 -10.782812
-22.594397 67.737259 -10.775000
-22.786457 67.567467 -10.775000
-23.008505 67.373581 -10.775000
-23.259790 67.156189 -10.767187
-23.539450 66.916000 -10.767187
-23.846523 66.653770 -10.767187
-24.179991 66.370331 -10.767187
-24.538794 66.066528 -10.767187
-24.921862 65.743217 -10.775000
-25.328140 65.401253 -10.767187
-25.756624 65.041443 -10.775000
-26.206375 64.664543 -10.767187
-26.676550 64.271225 -10.782812
-27.166437 63.862064 -10.782812
-27.675470 63.437511 -10.775000
-28.203268 62.997879 -10.782812
-28.730560 62.635246 -10.767187
-29.040264 62.465351 -10.782812
-29.430790 62.189835 -10.775000
-29.899567 61.811401 -10.767187
-30.443399 61.333466 -10.767187
-31.058819 60.759743 -10.775000
-31.742439 60.093895 -10.767187
-32.491310 59.339142 -10.767187
-33.303268 58.497879 -10.782812
-33.665138 57.988277 -10.775000
-33.833153 57.709476 -10.767187
-34.106052 57.362812 -10.775000
-34.481705 56.950439 -10.775000
-34.957401 56.475021 -10.767187
-35.530159 55.939453 -10.767187
-36.197025 55.346550 -10.775000
-36.955391 54.698761 -10.775000
-37.803268 53.997879 -10.767187
-38.153179 53.499977 -10.767187
-38.286156 53.231590 -10.775000
-38.501205 52.893570 -10.775000
-38.796650 52.487335 -10.767187
-39.170361 52.014690 -10.759375
-39.620018 51.477608 -10.775000
-40.143326 50.878033 -10.775000
-40.738251 50.217693 -10.798437
-41.403267 49.497879 -10.775000
-41.827747 49.073399 -10.775000
-42.014256 48.886894 -10.767187
-42.262440 48.638706 -10.767187
-42.571678 48.329468 -10.767187
-42.941147 47.960003 -10.767187
-43.369915 47.531231 -10.767187
-43.857059 47.044086 -10.767187
-44.401733 46.499416 -10.767187
-45.003269 45.897881 -10.775000
-45.317112 45.356689 -10.767187
-45.354332 45.027199 -10.767187
-45.414425 44.611286 -10.767187
-45.496597 44.111973 -10.775000
-45.599854 43.533005 -10.767187
-45.723118 42.878445 -10.782812
-45.865345 42.152264 -10.767187
-46.025616 41.357899 -10.767187
-46.203270 40.497879 -10.782812
-46.212498 39.956688 -10.775000
-46.237309 39.627197 -10.767187
-46.277374 39.211285 -10.782812
-46.332153 38.711971 -10.767187
-46.400993 38.133003 -10.775000
-46.483170 37.478447 -10.775000
-46.577984 36.752262 -10.759375
-46.684834 35.957901 -10.775000
-46.803268 35.097881 -10.767187
-46.798813 34.668377 -10.775000
-46.786655 34.511421 -10.775000
-46.766800 34.327236 -10.782812
-46.739288 34.116222 -10.767187
-46.704178 33.878948 -10.767187
-46.661552 33.616119 -10.767187
-46.611500 33.328537 -10.759375
-46.554127 33.017109 -10.767187
-46.489544 32.682777 -10.767187
-46.417873 32.326542 -10.767187
-46.339237 31.949394 -10.767187
-46.253761 31.552317 -10.767187
-46.161560 31.136250 -10.782812
-46.062752 30.702066 -10.759375
-45.957436 30.250549 -10.775000
-45.845699 29.782358 -10.759375
-45.727627 29.298018 -10.775000
-45.603268 28.797880 -10.767187
-45.444725 28.339336 -10.767187
-45.205376 28.099987 -10.767187
-44.886192 27.780806 -10.767187
-44.488811 27.383423 -10.767187
-44.015289 26.909901 -10.767187
-43.467896 26.362505 -10.775000
-42.848858 25.743469 -10.767187
-42.160152 25.054766 -10.759375
-41.403271 24.297880 -10.759375
-40.945229 24.165346 -10.775000
-40.706497 23.997042 -10.759375
-40.387970 23.793570 -10.767187
-39.991180 23.555906 -10.759375
-39.518063 23.285259 -10.775000
-38.970745 22.982943 -10.767187
-38.351334 22.650244 -10.759375
-37.661705 22.288280 -10.767187
-36.903271 21.897881 -10.767187
-36.375977 21.862741 -10.775000
-36.066273 21.766563 -10.759375
-35.675747 21.610157 -10.759375
-35.206970 21.394884 -10.759375
-34.663139 21.122473 -10.767187
-34.047718 20.794821 -10.767187
-33.364098 20.413803 -10.759375
-32.615227 19.981073 -10.767187
-31.803268 19.497881 -10.759375
-31.290472 19.171900 -10.759375
-31.001265 19.100595 -10.759375
-30.636871 18.984411 -10.767187
-30.199297 18.824131 -10.767187
-29.691042 18.620760 -10.767187
-29.114834 18.375412 -10.759375
-28.473343 18.089193 -10.759375
-27.768911 17.763096 -10.759375
-27.003269 17.397881 -10.767187
-26.519608 17.075254 -10.767187
-26.271057 17.015194 -10.759375
-25.958239 16.918055 -10.759375
-25.582214 16.784451 -10.767187
-25.144344 16.615168 -10.767187
-24.646124 16.411066 -10.767187
-24.089043 16.173006 -10.775000
-23.474421 15.901750 -10.767187
-22.803268 15.597880 -10.767187
-22.290472 15.271900 -10.775000
-22.001265 15.200595 -10.767187
-21.636871 15.084411 -10.767187
-21.199297 14.924130 -10.767187
-20.691042 14.720759 -10.759375
-20.114834 14.475411 -10.767187
-19.473343 14.189193 -10.767187
-18.768911 13.863096 -10.775000
-18.003269 13.497880 -10.759375
-17.579140 13.081600 -10.767187
-17.392994 12.918039 -10.759375
-17.145142 12.707526 -10.767187
-16.836174 12.450642 -10.775000
-16.466862 12.148130 -10.775000
-16.038082 11.800822 -10.767187
-15.550715 11.409545 -10.775000
-15.005566 10.975040 -10.759375
-14.403269 10.497881 -10.775000
-14.265221 10.050782 -10.759375
-14.067756 9.829293 -10.767187
-13.811441 9.534122 -10.767187
-13.497252 9.166492 -10.767187
-13.126431 8.727957 -10.767187
-12.700349 8.220235 -10.759375
-12.220368 7.645030 -10.767187
-11.687700 7.003860 -10.767187
-11.103269 6.297881 -10.767187
-11.053144 5.785646 -10.767187
-10.919160 5.497175 -10.759375
-10.702557 5.133596 -10.759375
-10.405384 4.696773 -10.759375
-10.030215 4.189043 -10.782812
-9.579856 3.612960 -10.759375
-9.057067 2.971030 -10.759375
-8.464270 2.265457 -10.759375
-7.803269 1.497880 -10.759375
-7.394246 1.406486 -10.767187
-7.249987 1.308451 -10.767187
-7.070806 1.203899 -10.767187
-6.857278 1.093039 -10.759375
-6.610209 0.976155 -10.759375
-6.330591 0.853593 -10.759375
-6.019577 0.725749 -10.759375
-5.678435 0.593056 -10.767187
-5.308520 0.455974 -10.767187
-4.911234 0.314978 -10.767187
-4.487991 0.170541 -10.767187
-4.040181 0.023130 -10.759375
-3.569135 -0.126814 -10.759375
-3.076088 -0.278882 -10.767187
-2.562146 -0.432713 -10.759375
-2.028245 -0.588004 -10.751562
-1.475121 -0.744523 -10.767187
-0.903269 -0.902120 -10.767187
-0.603314 -0.002417 -10.743750
