-0.603314 -0.002417 -10.743750
-0.332722 0.068021 -10.743750
0.039096 0.258331 -10.751562
0.509224 0.565062 -10.751562
1.073055 0.982756 -10.751562
1.724912 1.504692 -10.775000
2.458676 2.123623 -10.743750
3.268408 2.832517 -10.759375
4.148978 3.625297 -10.759375
5.096685 4.497582 -10.759375
5.580795 4.546276 -10.751562
5.829861 4.677165 -10.751562
6.143209 4.889596 -10.751562
6.519694 5.182407 -10.759375
6.957865 5.554107 -10.767187
7.456125 6.003032 -10.751562
8.012894 6.527523 -10.751562
8.626767 7.126090 -10.759375
9.296685 7.797582 -10.759375
9.766213 8.250808 -10.767187
10.022970 8.461356 -10.767187
10.365758 8.728154 -10.759375
10.792578 9.049478 -10.759375
11.300915 9.423181 -10.759375
11.888016 9.846942 -10.759375
12.551170 10.318491 -10.751562
13.287989 10.835855 -10.751562
14.096685 11.397582 -10.751562
14.578435 11.574748 -10.759375
14.854387 11.838414 -10.759375
15.222857 12.187033 -10.759375
15.681101 12.618084 -10.751562
16.225698 13.128427 -10.767187
16.852930 13.714646 -10.759375
17.559153 14.373399 -10.751562
18.341187 15.101762 -10.751562
19.196686 15.897582 -10.759375
19.596840 15.992483 -10.759375
19.722626 16.104439 -10.759375
19.873888 16.233341 -10.759375
20.050306 16.378981 -10.759375
20.251413 16.541044 -10.759375
20.476599 16.719128 -10.767187
20.725119 16.912737 -10.759375
20.996111 17.121296 -10.759375
21.288603 17.344158 -10.751562
21.601519 17.580610 -10.751562
21.933691 17.829872 -10.751562
22.283873 18.091114 -10.751562
22.650743 18.363461 -10.759375
23.032923 18.645992 -10.775000
23.428976 18.937754 -10.759375
23.837433 19.237766 -10.759375
24.256784 19.545029 -10.767187
24.685505 19.858524 -10.751562
25.122057 20.177229 -10.759375
25.564898 20.500118 -10.759375
26.012495 20.826172 -10.751562
26.463335 21.154385 -10.759375
26.915936 21.483765 -10.767187
27.368845 21.813353 -10.751562
27.820663 22.142216 -10.782812
28.270054 22.469461 -10.759375
28.715740 22.794243 -10.759375
29.156527 23.115767 -10.782812
29.591309 23.433292 -10.767187
30.019073 23.746153 -10.751562
30.438923 24.053745 -10.751562
30.850071 24.355551 -10.751562
31.251865 24.651131 -10.751562
31.643785 24.940144 -10.759375
32.025463 25.222342 -10.759375
32.396687 25.497581 -10.759375
32.798470 25.892015 -10.759375
32.928154 26.002941 -10.759375
33.085510 26.130224 -10.759375
33.270084 26.273598 -10.759375
33.481236 26.432680 -10.782812
33.718151 26.606993 -10.751562
33.979855 26.795959 -10.751562
34.265240 26.998922 -10.767187
34.573067 27.215155 -10.759375
34.902004 27.443865 -10.767187
35.250633 27.684214 -10.759375
35.617462 27.935322 -10.759375
36.000957 28.196281 -10.767187
36.399551 28.466167 -10.759375
36.811661 28.744043 -10.775000
37.235714 29.028978 -10.751562
37.670155 29.320053 -10.759375
38.113472 29.616377 -10.759375
38.564213 29.917089 -10.775000
39.021004 30.221375 -10.759375
39.482559 30.528479 -10.767187
39.947712 30.837709 -10.759375
40.415421 31.148453 -10.767187
40.884804 31.460182 -10.767187
41.355133 31.772472 -10.767187
41.825871 32.085007 -10.751562
42.296684 32.397583 -10.759375
