117.725800 -16.821318 -10.759375
117.882164 -16.868837 -10.759375
118.065590 -16.944767 -10.767187
118.275696 -17.048714 -10.759375
118.511963 -17.180122 -10.759375
118.773727 -17.338310 -10.759375
119.060242 -17.522486 -10.767187
119.370674 -17.731770 -10.767187
119.704124 -17.965225 -10.759375
120.059669 -18.221886 -10.759375
120.436386 -18.500769 -10.759375
120.833344 -18.800911 -10.767187
121.249680 -19.121391 -10.782812
121.684555 -19.461348 -10.759375
122.137253 -19.820011 -10.767187
122.607140 -20.196728 -10.759375
123.093727 -20.590981 -10.767187
123.596687 -21.002417 -10.759375
124.123978 -20.990192 -10.759375
124.433685 -20.955446 -10.775000
124.824211 -20.898298 -10.767187
125.292984 -20.818989 -10.759375
125.836815 -20.717852 -10.775000
126.452232 -20.595259 -10.767187
127.135857 -20.451595 -10.767187
127.884727 -20.287220 -10.767187
128.696686 -20.102417 -10.759375
129.208923 -20.065964 -10.759375
129.497391 -19.968521 -10.767187
129.860962 -19.810991 -10.775000
130.297791 -19.594866 -10.775000
130.805527 -19.322016 -10.767187
131.381607 -18.994482 -10.759375
132.023529 -18.614271 -10.759375
132.729111 -18.183146 -10.759375
133.496689 -17.702417 -10.767187
133.952377 -17.391241 -10.767187
134.143097 -17.362549 -10.759375
134.368423 -17.316551 -10.759375
134.627609 -17.253622 -10.767187
134.919632 -17.174278 -10.767187
135.243210 -17.079157 -10.759375
135.596878 -16.968988 -10.759375
135.979034 -16.844580 -10.767187
136.387939 -16.706789 -10.759375
136.821838 -16.556507 -10.767187
137.278946 -16.394623 -10.767187
137.757492 -16.222013 -10.790625
138.255814 -16.039518 -10.775000
138.772369 -15.847911 -10.759375
139.305756 -15.647882 -10.767187
139.854828 -15.440013 -10.767187
140.418671 -15.224758 -10.767187
140.996689 -15.002418 -10.782812
141.427032 -14.691910 -10.759375
141.580948 -14.664605 -10.759375
141.758224 -14.620605 -10.759375
141.958511 -14.560112 -10.759375
142.181229 -14.483421 -10.759375
142.425705 -14.390911 -10.775000
142.691116 -14.283036 -10.767187
142.976501 -14.160316 -10.767187
143.280838 -14.023332 -10.782812
143.602982 -13.872709 -10.759375
143.941727 -13.709121 -10.767187
144.295822 -13.533267 -10.767187
144.663971 -13.345876 -10.767187
145.044846 -13.147688 -10.767187
145.437103 -12.939455 -10.767187
145.839401 -12.721924 -10.775000
146.250458 -12.495832 -10.767187
146.668945 -12.261902 -10.759375
147.093674 -12.020823 -10.759375
147.523468 -11.773255 -10.767187
147.957245 -11.519812 -10.759375
148.394012 -11.261052 -10.767187
148.832886 -10.997478 -10.767187
149.273117 -10.729519 -10.759375
149.714111 -10.457528 -10.798437
150.155396 -10.181770 -10.767187
150.596680 -9.902418 -10.767187
151.037186 -9.776966 -10.759375
151.227570 -9.627579 -10.775000
151.467026 -9.454782 -10.767187
151.754181 -9.259474 -10.767187
152.087143 -9.042870 -10.767187
152.463593 -8.806455 -10.767187
152.880844 -8.551929 -10.767187
153.335953 -8.281158 -10.775000
153.825775 -7.996117 -10.767187
154.347107 -7.698840 -10.782812
154.896698 -7.391367 -10.767187
155.471344 -7.075697 -10.767187
156.068039 -6.753726 -10.767187
156.683960 -6.427204 -10.767187
157.316635 -6.097677 -10.767187
157.963959 -5.766439 -10.775000
158.624329 -5.434477 -10.759375
159.296692 -5.102418 -10.775000
159.853302 -5.057793 -10.767187
160.205002 -4.935340 -10.767187
160.649231 -4.736562 -10.775000
161.181961 -4.463916 -10.767187
161.798203 -4.120472 -10.775000
162.492599 -3.709568 -10.767187
163.259949 -3.234476 -10.759375
164.095718 -2.698056 -10.775000
164.996689 -2.102418 -10.767187
164.996689 -1.662921 -10.775000
164.996689 -1.499344 -10.759375
164.996689 -1.311839 -10.759375
164.996689 -1.100716 -10.767187
164.996689 -0.866435 -10.767187
164.996689 -0.609590 -10.767187
164.996689 -0.330906 -10.767187
164.996689 -0.031226 -10.775000
164.996689 0.288498 -10.767187
164.996689 0.627216 -10.767187
164.996689 0.983788 -10.767187
164.996689 1.356995 -10.775000
164.996689 1.745548 -10.767187
164.996689 2.148098 -10.767187
164.996689 2.563246 -10.767187
164.996689 2.989552 -10.782812
164.996689 3.425546 -10.775000
164.996689 3.869736 -10.759375
164.996689 4.320619 -10.759375
164.996689 4.776692 -10.775000
164.996689 5.236459 -10.782812
164.996689 5.698441 -10.767187
164.996689 6.161188 -10.767187
164.996689 6.623288 -10.767187
164.996689 7.083376 -10.775000
164.996689 7.540143 -10.767187
164.996689 7.992347 -10.775000
164.996689 8.438823 -10.767187
164.996689 8.878493 -10.767187
164.996689 9.310373 -10.767187
164.996689 9.733586 -10.767187
164.996689 10.147371 -10.775000
164.996689 10.551091 -10.767187
164.996689 10.944245 -10.767187
164.996689 11.326476 -10.767187
164.996689 11.697582 -10.782812
164.675049 12.173551 -10.767187
164.618637 12.391238 -10.767187
164.528000 12.649996 -10.759375
164.404099 12.948684 -10.767187
164.248230 13.285738 -10.775000
164.061981 13.659236 -10.775000
163.847198 14.066972 -10.767187
163.605911 14.506518 -10.767187
163.340256 14.975298 -10.775000
163.052460 15.470651 -10.767187
162.744751 15.989900 -10.767187
162.419312 16.530426 -10.759375
162.078232 17.089729 -10.767187
161.723419 17.665501 -10.767187
161.356598 18.255692 -10.767187
160.979187 18.858576 -10.782812
160.592316 19.472828 -10.775000
160.196686 20.097582 -10.767187
159.810043 20.496393 -10.767187
159.712112 20.626259 -10.767187
159.603043 20.786970 -10.767187
159.483032 20.978125 -10.775000
159.352417 21.199162 -10.767187
159.211548 21.449383 -10.767187
159.060867 21.727978 -10.767187
158.900864 22.034050 -10.767187
158.732040 22.366640 -10.775000
158.554901 22.724754 -10.767187
158.369980 23.107388 -10.759375
158.177811 23.513552 -10.767187
157.978882 23.942299 -10.767187
157.773636 24.392746 -10.767187
157.562485 24.864098 -10.775000
157.345795 25.355682 -10.767187
157.123795 25.866966 -10.767187
156.896683 26.397581 -10.767187
156.590973 26.837009 -10.767187
156.575302 26.998701 -10.767187
156.549713 27.182571 -10.767187
156.514282 27.388430 -10.767187
156.469162 27.615971 -10.775000
156.414505 27.864794 -10.775000
156.350571 28.134401 -10.782812
156.277588 28.424204 -10.782812
156.195862 28.733530 -10.767187
156.105759 29.061626 -10.775000
156.007614 29.407667 -10.767187
155.901840 29.770758 -10.767187
155.788879 30.149942 -10.790625
155.669159 30.544207 -10.767187
155.543182 30.952480 -10.759375
155.411423 31.373652 -10.767187
155.274429 31.806564 -10.767187
155.132690 32.250031 -10.767187
154.986801 32.702824 -10.767187
154.837280 33.163700 -10.775000
154.684723 33.631393 -10.767187
154.529678 34.104626 -10.767187
154.372726 34.582104 -10.775000
154.214478 35.062534 -10.767187
154.055466 35.544632 -10.767187
153.896286 36.027111 -10.775000
153.737503 36.508701 -10.775000
153.579681 36.988152 -10.782812
153.423355 37.464233 -10.775000
153.269089 37.935745 -10.775000
153.117371 38.401527 -10.775000
152.968735 38.860455 -10.759375
152.823639 39.311451 -10.767187
152.682556 39.753483 -10.767187
152.545914 40.185577 -10.775000
152.414124 40.606834 -10.767187
152.287567 41.016403 -10.767187
152.166580 41.413517 -10.775000
152.051468 41.797478 -10.759375
151.942520 42.167686 -10.775000
151.839951 42.523617 -10.767187
151.743958 42.864845 -10.767187
151.654694 43.191044 -10.775000
151.572250 43.501991 -10.775000
151.496689 43.797581 -10.775000

