-0.603314 -0.002417 -10.743750
-0.332722 0.068021 -10.743750
0.039096 0.258331 -10.751562
0.509224 0.565062 -10.751562
1.073055 0.982756 -10.751562
1.724912 1.504692 -10.775000
2.458676 2.123623 -10.743750
3.268408 2.832517 -10.759375
4.148978 3.625297 -10.759375
5.096685 4.497582 -10.759375
5.580795 4.546276 -10.751562
5.829861 4.677165 -10.751562
6.143209 4.889596 -10.751562
6.519694 5.182407 -10.759375
6.957865 5.554107 -10.767187
7.456125 6.003032 -10.751562
8.012894 6.527523 -10.751562
8.626767 7.126090 -10.759375
9.296685 7.797582 -10.759375
9.766213 8.250808 -10.767187
10.022970 8.461356 -10.767187
10.365758 8.728154 -10.759375
10.792578 9.049478 -10.759375
11.300915 9.423181 -10.759375
11.888016 9.846942 -10.759375
12.551170 10.318491 -10.751562
13.287989 10.835855 -10.751562
14.096685 11.397582 -10.751562
14.578435 11.574748 -10.759375
14.854387 11.838414 -10.759375
15.222857 12.187033 -10.759375
15.681101 12.618084 -10.751562
16.225698 13.128427 -10.767187
16.852930 13.714646 -10.759375
17.559153 14.373399 -10.751562
18.341187 15.101762 -10.751562
19.196686 15.897582 -10.759375
19.596840 15.992483 -10.759375
19.722626 16.104439 -10.759375
19.873888 16.233341 -10.759375
20.050306 16.378981 -10.759375
20.251413 16.541044 -10.759375
20.476599 16.719128 -10.767187
20.725119 16.912737 -10.759375
20.996111 17.121296 -10.759375
21.288603 17.344158 -10.751562
21.601519 17.580610 -10.751562
21.933691 17.829872 -10.751562
22.283873 18.091114 -10.751562
22.650743 18.363461 -10.759375
23.032923 18.645992 -10.775000
23.428976 18.937754 -10.759375
23.837433 19.237766 -10.759375
24.256784 19.545029 -10.767187
24.685505 19.858524 -10.751562
25.122057 20.177229 -10.759375
25.564898 20.500118 -10.759375
26.012495 20.826172 -10.751562
26.463335 21.154385 -10.759375
26.915936 21.483765 -10.767187
27.368845 21.813353 -10.751562
27.820663 22.142216 -10.782812
28.270054 22.469461 -10.759375
28.715740 22.794243 -10.759375
29.156527 23.115767 -10.782812
29.591309 23.433292 -10.767187
30.019073 23.746153 -10.751562
30.438923 24.053745 -10.751562
30.850071 24.355551 -10.751562
31.251865 24.651131 -10.751562
31.643785 24.940144 -10.759375
32.025463 25.222342 -10.759375
32.396687 25.497581 -10.759375
32.798470 25.892015 -10.759375
32.928154 26.002941 -10.759375
33.085510 26.130224 -10.759375
33.270084 26.273598 -10.759375
33.481236 26.432680 -10.782812
33.718151 26.606993 -10.751562
33.979855 26.795959 -10.751562
34.265240 26.998922 -10.767187
34.573067 27.215155 -10.759375
34.902004 27.443865 -10.767187
35.250633 27.684214 -10.759375
35.617462 27.935322 -10.759375
36.000957 28.196281 -10.767187
36.399551 28.466167 -10.759375
36.811661 28.744043 -10.775000
37.235714 29.028978 -10.751562
37.670155 29.320053 -10.759375
38.113472 29.616377 -10.759375
38.564213 29.917089 -10.775000
39.021004 30.221375 -10.759375
39.482559 30.528479 -10.767187
39.947712 30.837709 -10.759375
40.415421 31.148453 -10.767187
40.884804 31.460182 -10.767187
41.355133 31.772472 -10.767187
41.825871 32.085007 -10.751562
42.296684 32.397583 -10.759375
42.612740 31.914785 -10.759375
42.654789 31.687872 -10.759375
42.722404 31.417576 -10.759375
42.814819 31.105194 -10.759375
42.930992 30.752499 -10.759375
43.069641 30.361660 -10.751562
43.229294 29.935175 -10.767187
43.408340 29.475786 -10.759375
43.605057 28.986406 -10.767187
43.817677 28.470041 -10.759375
44.044418 27.929712 -10.759375
44.283539 27.368374 -10.759375
44.533382 26.788845 -10.767187
44.792408 26.193733 -10.759375
45.059254 25.585342 -10.759375
45.332787 24.965614 -10.759375
45.612118 24.336039 -10.759375
45.896687 23.697582 -10.759375
46.078854 23.192152 -10.767187
46.330090 22.878216 -10.751562
46.648678 22.458475 -10.759375
47.031876 21.937237 -10.767187
47.476292 21.319822 -10.759375
47.978271 20.611984 -10.767187
48.534248 19.819321 -10.759375
49.141132 18.946680 -10.767187
49.796684 17.997583 -10.759375
49.845573 17.470291 -10.759375
49.978607 17.160587 -10.751562
50.194572 16.770060 -10.767187
50.491421 16.301283 -10.751562
50.866596 15.757452 -10.790625
51.317284 15.142032 -10.759375
51.840717 14.458410 -10.751562
52.434460 13.709539 -10.782812
53.096684 12.897583 -10.759375
53.188911 12.495799 -10.759375
53.294212 12.366112 -10.759375
53.412472 12.208757 -10.759375
53.543484 12.024183 -10.759375
53.686947 11.813031 -10.751562
53.842480 11.576117 -10.759375
54.009624 11.314412 -10.751562
54.187862 11.029030 -10.751562
54.376614 10.721202 -10.759375
54.575256 10.392263 -10.767187
54.783123 10.043636 -10.767187
54.999516 9.676806 -10.759375
55.223713 9.293311 -10.751562
55.454987 8.894718 -10.759375
55.692593 8.482608 -10.759375
55.935791 8.058556 -10.798437
56.183857 7.624114 -10.759375
56.436085 7.180796 -10.767187
56.691788 6.730054 -10.759375
56.950321 6.273265 -10.759375
57.211090 5.811710 -10.751562
57.473545 5.346558 -10.751562
57.737198 4.878846 -10.767187
58.001633 4.409464 -10.751562
58.266510 3.939135 -10.767187
58.531582 3.468396 -10.751562
58.796684 2.997582 -10.751562
58.814701 2.561450 -10.759375
58.861225 2.395996 -10.759375
58.936066 2.201488 -10.759375
59.038864 1.978419 -10.759375
59.169098 1.727467 -10.759375
59.326134 1.449474 -10.767187
59.509228 1.145410 -10.759375
59.717548 0.816347 -10.767187
59.950222 0.463426 -10.767187
60.206333 0.087827 -10.759375
60.484951 -0.309259 -10.759375
60.785172 -0.726663 -10.759375
61.106121 -1.163265 -10.775000
61.446980 -1.618026 -10.759375
61.807022 -2.090020 -10.759375
62.185623 -2.578460 -10.759375
62.582291 -3.082730 -10.759375
62.996685 -3.602417 -10.759375
63.307320 -4.045873 -10.775000
63.335449 -4.216827 -10.759375
63.380955 -4.415004 -10.759375
63.443592 -4.639893 -10.759375
63.523010 -4.890763 -10.751562
63.618767 -5.166691 -10.767187
63.730324 -5.466576 -10.759375
63.857063 -5.789160 -10.767187
63.998302 -6.133051 -10.751562
64.153305 -6.496741 -10.767187
64.321266 -6.878628 -10.759375
64.501381 -7.277035 -10.751562
64.692772 -7.690230 -10.759375
64.894569 -8.116448 -10.759375
65.105904 -8.553908 -10.767187
65.325874 -9.000839 -10.759375
65.553635 -9.455495 -10.782812
65.788315 -9.916174 -10.759375
66.029121 -10.381247 -10.751562
66.275269 -10.849167 -10.767187
66.526047 -11.318501 -10.767187
66.780792 -11.787937 -10.759375
67.038925 -12.256318 -10.767187
67.299934 -12.722652 -10.751562
67.563416 -13.186137 -10.759375
67.829063 -13.646180 -10.751562
68.096687 -14.102418 -10.759375
68.190491 -14.501621 -10.767187
68.307365 -14.632073 -10.767187
68.447144 -14.793545 -10.759375
68.609505 -14.985606 -10.759375
68.794006 -15.207653 -10.751562
69.000092 -15.458940 -10.759375
69.227135 -15.738599 -10.751562
69.474411 -16.045673 -10.751562
69.741180 -16.379141 -10.759375
70.026649 -16.737944 -10.767187
70.330032 -17.121010 -10.767187
70.650558 -17.527290 -10.759375
70.987480 -17.955774 -10.751562
71.340096 -18.405523 -10.767187
71.707802 -18.875700 -10.775000
72.090050 -19.365587 -10.759375
72.486443 -19.874620 -10.751562
72.896683 -20.402418 -10.759375
72.986038 -20.801229 -10.759375
73.090752 -20.931095 -10.759375
73.210670 -21.091805 -10.767187
73.345520 -21.282959 -10.767187
73.494919 -21.503998 -10.767187
73.658379 -21.754219 -10.759375
73.835365 -22.032814 -10.759375
74.025269 -22.338886 -10.751562
74.227455 -22.671474 -10.759375
74.441254 -23.029589 -10.759375
74.666008 -23.412224 -10.759375
74.901054 -23.818388 -10.751562
75.145775 -24.247135 -10.759375
75.399582 -24.697580 -10.751562
75.661964 -25.168934 -10.759375
75.932487 -25.660519 -10.759375
76.210800 -26.171803 -10.759375
76.496689 -26.702417 -10.759375
76.898605 -27.091541 -10.751562
77.050682 -27.208866 -10.751562
77.252785 -27.354284 -10.751562
77.504654 -27.527594 -10.767187
77.805931 -27.728523 -10.759375
78.156189 -27.956764 -10.759375
78.554993 -28.212008 -10.775000
79.001938 -28.493967 -10.759375
79.496681 -28.802418 -10.759375
79.876930 -28.868505 -10.767187
79.995705 -28.951515 -10.767187
80.152962 -29.051434 -10.767187
80.348610 -29.168213 -10.751562
80.582497 -29.301788 -10.751562
80.854431 -29.452080 -10.759375
81.164238 -29.619001 -10.759375
81.511703 -29.802473 -10.767187
81.896683 -30.002417 -10.775000
82.437874 -30.307032 -10.759375
82.767365 -30.319439 -10.767187
83.183281 -30.339470 -10.759375
83.682594 -30.366861 -10.759375
84.261559 -30.401279 -10.751562
84.916122 -30.442368 -10.751562
85.642303 -30.489777 -10.759375
86.436668 -30.543200 -10.767187
87.296684 -30.602417 -10.759375
87.726189 -30.597963 -10.751562
87.883141 -30.585802 -10.751562
88.067329 -30.565948 -10.767187
88.278343 -30.538437 -10.751562
88.515617 -30.503328 -10.759375
88.778450 -30.460703 -10.759375
89.066025 -30.410648 -10.759375
89.377457 -30.353275 -10.759375
89.711784 -30.288692 -10.759375
90.068024 -30.217022 -10.759375
90.445175 -30.138388 -10.775000
90.842247 -30.052912 -10.751562
91.258316 -29.960711 -10.759375
91.692497 -29.861900 -10.767187
92.144020 -29.756584 -10.759375
92.612206 -29.644850 -10.767187
93.096550 -29.526775 -10.759375
93.596687 -29.402418 -10.782812
94.141876 -29.371790 -10.759375
94.443291 -29.335135 -10.759375
94.799149 -29.294510 -10.782812
95.202789 -29.252232 -10.759375
95.644218 -29.210512 -10.751562
96.111595 -29.171125 -10.759375
96.592766 -29.135052 -10.767187
97.076775 -29.102137 -10.775000
97.555420 -29.070734 -10.751562
98.024666 -29.037790 -10.767187
98.484177 -29.000460 -10.751562
98.934837 -28.955894 -10.759375
99.378227 -28.901035 -10.767187
99.816467 -28.832674 -10.759375
100.252014 -28.747509 -10.775000
100.687515 -28.642210 -10.767187
101.125610 -28.513472 -10.775000
101.568756 -28.358080 -10.767187
102.018883 -28.173149 -10.751562
102.475510 -27.958000 -10.767187
102.934578 -27.715536 -10.767187
103.389313 -27.451557 -10.759375
103.831215 -27.173862 -10.775000
104.251076 -26.891371 -10.767187
104.639969 -26.613230 -10.759375
104.990273 -26.347931 -10.751562
105.296684 -26.102421 -10.759375
105.794586 -26.093344 -10.759375
106.062973 -26.069166 -10.759375
106.400993 -26.030066 -10.759375
106.807228 -25.976349 -10.759375
107.279877 -25.908401 -10.759375
107.816956 -25.826645 -10.759375
108.416534 -25.731499 -10.775000
109.076874 -25.623329 -10.782812
109.796684 -25.502419 -10.759375
110.278435 -25.361914 -10.759375
110.554390 -25.196537 -10.759375
110.922859 -25.006733 -10.767187
111.381104 -24.793224 -10.767187
111.925697 -24.556917 -10.767187
112.552933 -24.298792 -10.767187
113.259155 -24.019810 -10.767187
114.041183 -23.720812 -10.759375
114.896683 -23.402418 -10.759375
115.296486 -23.402418 -10.759375
115.429893 -23.402418 -10.759375
115.596870 -23.402418 -10.759375
115.797333 -23.402418 -10.775000
116.031143 -23.402418 -10.775000
116.298157 -23.402418 -10.767187
116.598183 -23.402418 -10.759375
116.931076 -23.402418 -10.759375
117.296684 -23.402418 -10.775000
117.296684 -22.966711 -10.790625
117.296684 -22.801920 -10.759375
117.296684 -22.608290 -10.759375
117.296684 -22.386276 -10.767187
117.296684 -22.136511 -10.767187
117.296684 -21.859774 -10.759375
117.296684 -21.556973 -10.759375
117.296684 -21.229101 -10.759375
117.296684 -20.877230 -10.767187
117.296684 -20.502457 -10.775000
117.296684 -20.105898 -10.767187
117.296684 -19.688646 -10.759375
117.296684 -19.251747 -10.775000
117.296684 -18.796177 -10.767187
117.296684 -18.322802 -10.767187
117.296684 -17.832361 -10.767187
117.296684 -17.325436 -10.767187
117.296684 -16.802418 -10.767187
117.725800 -16.821318 -10.759375
117.882164 -16.868837 -10.759375
118.065590 -16.944767 -10.767187
118.275696 -17.048714 -10.759375
118.511963 -17.180122 -10.759375
118.773727 -17.338310 -10.759375
119.060242 -17.522486 -10.767187
119.370674 -17.731770 -10.767187
119.704124 -17.965225 -10.759375
120.059669 -18.221886 -10.759375
120.436386 -18.500769 -10.759375
120.833344 -18.800911 -10.767187
121.249680 -19.121391 -10.782812
121.684555 -19.461348 -10.759375
122.137253 -19.820011 -10.767187
122.607140 -20.196728 -10.759375
123.093727 -20.590981 -10.767187
123.596687 -21.002417 -10.759375
124.123978 -20.990192 -10.759375
124.433685 -20.955446 -10.775000
124.824211 -20.898298 -10.767187
125.292984 -20.818989 -10.759375
125.836815 -20.717852 -10.775000
126.452232 -20.595259 -10.767187
127.135857 -20.451595 -10.767187
127.884727 -20.287220 -10.767187
128.696686 -20.102417 -10.759375
129.208923 -20.065964 -10.759375
129.497391 -19.968521 -10.767187
129.860962 -19.810991 -10.775000
130.297791 -19.594866 -10.775000
130.805527 -19.322016 -10.767187
131.381607 -18.994482 -10.759375
132.023529 -18.614271 -10.759375
132.729111 -18.183146 -10.759375
133.496689 -17.702417 -10.767187
133.952377 -17.391241 -10.767187
134.143097 -17.362549 -10.759375
134.368423 -17.316551 -10.759375
134.627609 -17.253622 -10.767187
134.919632 -17.174278 -10.767187
135.243210 -17.079157 -10.759375
135.596878 -16.968988 -10.759375
135.979034 -16.844580 -10.767187
136.387939 -16.706789 -10.759375
136.821838 -16.556507 -10.767187
137.278946 -16.394623 -10.767187
137.757492 -16.222013 -10.790625
138.255814 -16.039518 -10.775000
138.772369 -15.847911 -10.759375
139.305756 -15.647882 -10.767187
139.854828 -15.440013 -10.767187
140.418671 -15.224758 -10.767187
140.996689 -15.002418 -10.782812
141.427032 -14.691910 -10.759375
141.580948 -14.664605 -10.759375
141.758224 -14.620605 -10.759375
141.958511 -14.560112 -10.759375
142.181229 -14.483421 -10.759375
142.425705 -14.390911 -10.775000
142.691116 -14.283036 -10.767187
142.976501 -14.160316 -10.767187
143.280838 -14.023332 -10.782812
143.602982 -13.872709 -10.759375
143.941727 -13.709121 -10.767187
144.295822 -13.533267 -10.767187
144.663971 -13.345876 -10.767187
145.044846 -13.147688 -10.767187
145.437103 -12.939455 -10.767187
145.839401 -12.721924 -10.775000
146.250458 -12.495832 -10.767187
146.668945 -12.261902 -10.759375
147.093674 -12.020823 -10.759375
147.523468 -11.773255 -10.767187
147.957245 -11.519812 -10.759375
148.394012 -11.261052 -10.767187
148.832886 -10.997478 -10.767187
149.273117 -10.729519 -10.759375
149.714111 -10.457528 -10.798437
150.155396 -10.181770 -10.767187
150.596680 -9.902418 -10.767187
151.037186 -9.776966 -10.759375
151.227570 -9.627579 -10.775000
151.467026 -9.454782 -10.767187
151.754181 -9.259474 -10.767187
152.087143 -9.042870 -10.767187
152.463593 -8.806455 -10.767187
152.880844 -8.551929 -10.767187
153.335953 -8.281158 -10.775000
153.825775 -7.996117 -10.767187
154.347107 -7.698840 -10.782812
154.896698 -7.391367 -10.767187
155.471344 -7.075697 -10.767187
156.068039 -6.753726 -10.767187
156.683960 -6.427204 -10.767187
157.316635 -6.097677 -10.767187
157.963959 -5.766439 -10.775000
158.624329 -5.434477 -10.759375
159.296692 -5.102418 -10.775000
159.853302 -5.057793 -10.767187
160.205002 -4.935340 -10.767187
160.649231 -4.736562 -10.775000
161.181961 -4.463916 -10.767187
161.798203 -4.120472 -10.775000
162.492599 -3.709568 -10.767187
163.259949 -3.234476 -10.759375
164.095718 -2.698056 -10.775000
164.996689 -2.102418 -10.767187
164.996689 -1.662921 -10.775000
164.996689 -1.499344 -10.759375
164.996689 -1.311839 -10.759375
164.996689 -1.100716 -10.767187
164.996689 -0.866435 -10.767187
164.996689 -0.609590 -10.767187
164.996689 -0.330906 -10.767187
164.996689 -0.031226 -10.775000
164.996689 0.288498 -10.767187
164.996689 0.627216 -10.767187
164.996689 0.983788 -10.767187
164.996689 1.356995 -10.775000
164.996689 1.745548 -10.767187
164.996689 2.148098 -10.767187
164.996689 2.563246 -10.767187
164.996689 2.989552 -10.782812
164.996689 3.425546 -10.775000
164.996689 3.869736 -10.759375
164.996689 4.320619 -10.759375
164.996689 4.776692 -10.775000
164.996689 5.236459 -10.782812
164.996689 5.698441 -10.767187
164.996689 6.161188 -10.767187
164.996689 6.623288 -10.767187
164.996689 7.083376 -10.775000
164.996689 7.540143 -10.767187
164.996689 7.992347 -10.775000
164.996689 8.438823 -10.767187
164.996689 8.878493 -10.767187
164.996689 9.310373 -10.767187
164.996689 9.733586 -10.767187
164.996689 10.147371 -10.775000
164.996689 10.551091 -10.767187
164.996689 10.944245 -10.767187
164.996689 11.326476 -10.767187
164.996689 11.697582 -10.782812
164.675049 12.173551 -10.767187
164.618637 12.391238 -10.767187
164.528000 12.649996 -10.759375
164.404099 12.948684 -10.767187
164.248230 13.285738 -10.775000
164.061981 13.659236 -10.775000
163.847198 14.066972 -10.767187
163.605911 14.506518 -10.767187
163.340256 14.975298 -10.775000
163.052460 15.470651 -10.767187
162.744751 15.989900 -10.767187
162.419312 16.530426 -10.759375
162.078232 17.089729 -10.767187
161.723419 17.665501 -10.767187
161.356598 18.255692 -10.767187
160.979187 18.858576 -10.782812
160.592316 19.472828 -10.775000
160.196686 20.097582 -10.767187
159.810043 20.496393 -10.767187
159.712112 20.626259 -10.767187
159.603043 20.786970 -10.767187
159.483032 20.978125 -10.775000
159.352417 21.199162 -10.767187
159.211548 21.449383 -10.767187
159.060867 21.727978 -10.767187
158.900864 22.034050 -10.767187
158.732040 22.366640 -10.775000
158.554901 22.724754 -10.767187
158.369980 23.107388 -10.759375
158.177811 23.513552 -10.767187
157.978882 23.942299 -10.767187
157.773636 24.392746 -10.767187
157.562485 24.864098 -10.775000
157.345795 25.355682 -10.767187
157.123795 25.866966 -10.767187
156.896683 26.397581 -10.767187
156.590973 26.837009 -10.767187
156.575302 26.998701 -10.767187
156.549713 27.182571 -10.767187
156.514282 27.388430 -10.767187
156.469162 27.615971 -10.775000
156.414505 27.864794 -10.775000
156.350571 28.134401 -10.782812
156.277588 28.424204 -10.782812
156.195862 28.733530 -10.767187
156.105759 29.061626 -10.775000
156.007614 29.407667 -10.767187
155.901840 29.770758 -10.767187
155.788879 30.149942 -10.790625
155.669159 30.544207 -10.767187
155.543182 30.952480 -10.759375
155.411423 31.373652 -10.767187
155.274429 31.806564 -10.767187
155.132690 32.250031 -10.767187
154.986801 32.702824 -10.767187
154.837280 33.163700 -10.775000
154.684723 33.631393 -10.767187
154.529678 34.104626 -10.767187
154.372726 34.582104 -10.775000
154.214478 35.062534 -10.767187
154.055466 35.544632 -10.767187
153.896286 36.027111 -10.775000
153.737503 36.508701 -10.775000
153.579681 36.988152 -10.782812
153.423355 37.464233 -10.775000
153.269089 37.935745 -10.775000
153.117371 38.401527 -10.775000
152.968735 38.860455 -10.759375
152.823639 39.311451 -10.767187
152.682556 39.753483 -10.767187
152.545914 40.185577 -10.775000
152.414124 40.606834 -10.767187
152.287567 41.016403 -10.767187
152.166580 41.413517 -10.775000
152.051468 41.797478 -10.759375
151.942520 42.167686 -10.775000
151.839951 42.523617 -10.767187
151.743958 42.864845 -10.767187
151.654694 43.191044 -10.775000
151.572250 43.501991 -10.775000
151.496689 43.797581 -10.775000
151.796738 43.197880 -10.775000
151.797379 43.070641 -10.775000
151.799332 42.924862 -10.775000
151.802597 42.760582 -10.775000
151.807190 42.577911 -10.759375
151.813095 42.377029 -10.759375
151.820343 42.158176 -10.767187
151.828934 41.921665 -10.759375
151.838867 41.667858 -10.767187
151.850159 41.397182 -10.767187
151.862823 41.110115 -10.767187
151.876846 40.807182 -10.759375
151.892258 40.488964 -10.767187
151.909058 40.156082 -10.767187
151.927246 39.809204 -10.759375
151.946854 39.449032 -10.775000
151.967880 39.076313 -10.759375
151.990326 38.691822 -10.775000
152.014206 38.296368 -10.775000
152.039536 37.890789 -10.775000
152.066315 37.475945 -10.782812
152.094559 37.052723 -10.767187
152.124283 36.622028 -10.767187
152.155472 36.184788 -10.767187
152.188156 35.741932 -10.767187
152.222351 35.294415 -10.767187
152.258041 34.843193 -10.759375
152.295258 34.389233 -10.790625
152.334000 33.933495 -10.759375
152.374268 33.476952 -10.759375
152.416077 33.020565 -10.759375
152.459442 32.565292 -10.767187
152.504364 32.112091 -10.775000
152.550858 31.661894 -10.759375
152.598907 31.215628 -10.759375
152.648544 30.774204 -10.767187
152.699768 30.338511 -10.767187
152.752579 29.909414 -10.767187
152.806976 29.487757 -10.759375
152.862991 29.074352 -10.767187
152.920593 28.669983 -10.767187
152.979813 28.275398 -10.759375
153.040649 27.891310 -10.767187
153.103088 27.518391 -10.759375
153.167160 27.157270 -10.767187
153.232834 26.808535 -10.759375
153.300140 26.472723 -10.759375
153.369049 26.150320 -10.759375
153.439590 25.841761 -10.767187
153.511749 25.547419 -10.767187
153.585526 25.267614 -10.775000
153.660919 25.002604 -10.759375
153.737915 24.752573 -10.759375
153.816528 24.517649 -10.767187
153.896729 24.297880 -10.759375
154.207962 23.867538 -10.759375
154.237122 23.713621 -10.759375
154.284073 23.536333 -10.782812
154.348618 23.336058 -10.759375
154.430420 23.113335 -10.759375
154.529083 22.868860 -10.759375
154.644119 22.603456 -10.767187
154.774948 22.318066 -10.751562
154.920959 22.013735 -10.767187
155.081467 21.691591 -10.759375
155.255737 21.352840 -10.759375
155.443024 20.998739 -10.759375
155.642548 20.630590 -10.759375
155.853485 20.249720 -10.759375
156.075043 19.857464 -10.759375
156.306412 19.455158 -10.759375
156.546783 19.044115 -10.759375
156.795395 18.625614 -10.775000
157.051483 18.200886 -10.751562
157.314346 17.771093 -10.767187
157.583328 17.337322 -10.759375
157.857803 16.900558 -10.767187
158.137253 16.461681 -10.767187
158.421204 16.021444 -10.767187
158.709274 15.580457 -10.759375
159.001175 15.139174 -10.759375
159.296738 14.697880 -10.767187
159.392288 13.983607 -10.767187
159.575516 13.425488 -10.767187
159.847107 12.737382 -10.759375
160.186020 11.965904 -10.767187
160.557938 11.176255 -10.751562
160.923721 10.438070 -10.759375
161.247787 9.811264 -10.759375
161.506516 9.331870 -10.759375
161.696732 8.997890 -10.759375
162.137238 8.562212 -10.767187
162.327606 8.386066 -10.759375
162.567062 8.170242 -10.759375
162.854233 7.916123 -10.775000
163.187195 7.625591 -10.759375
163.563644 7.300945 -10.767187
163.980896 6.944821 -10.767187
164.435989 6.560112 -10.759375
164.925827 6.149888 -10.759375
165.447159 5.717307 -10.759375
165.996735 5.265544 -10.759375
166.571396 4.797704 -10.767187
167.168076 4.316744 -10.767187
167.784012 3.825388 -10.775000
168.416672 3.326049 -10.759375
169.063995 2.820746 -10.759375
169.724365 2.311027 -10.759375
170.396729 1.797880 -10.759375
170.923386 1.820793 -10.767187
171.232224 1.882224 -10.759375
171.621750 1.981483 -10.759375
172.089584 2.117448 -10.759375
172.632751 2.288720 -10.759375
173.247986 2.493779 -10.759375
173.932114 2.731135 -10.767187
174.682388 2.999489 -10.759375
175.496735 3.297880 -10.775000
176.009521 3.332973 -10.767187
176.298737 3.428639 -10.767187
176.663132 3.584206 -10.767187
177.100708 3.798517 -10.767187
177.608963 4.070100 -10.759375
178.185165 4.397333 -10.759375
178.826660 4.778603 -10.759375
179.531082 5.212481 -10.759375
180.296738 5.697879 -10.767187
180.710037 5.802090 -10.759375
180.879349 5.947665 -10.759375
181.104477 6.134443 -10.759375
181.384995 6.362105 -10.767187
181.720291 6.630229 -10.759375
182.109756 6.938332 -10.767187
182.552689 7.285926 -10.759375
183.048523 7.672562 -10.751562
183.596725 8.097879 -10.751562
184.137924 8.434798 -10.759375
184.467407 8.534047 -10.759375
184.883331 8.694299 -10.759375
185.382645 8.913423 -10.759375
185.961609 9.188772 -10.751562
186.616165 9.517480 -10.775000
187.342346 9.896748 -10.751562
188.136719 10.324141 -10.759375
188.996735 10.797879 -10.775000
189.466629 10.842129 -10.759375
189.695999 10.960593 -10.759375
189.984344 11.152822 -10.751562
190.330856 11.417988 -10.767187
190.734451 11.755003 -10.759375
191.193939 12.162653 -10.759375
191.708145 12.639715 -10.767187
192.276016 13.185081 -10.759375
192.896729 13.797879 -10.759375
193.394638 14.134178 -10.767187
193.663025 14.230890 -10.767187
194.001038 14.387290 -10.767187
194.407272 14.602157 -10.759375
194.879929 14.873947 -10.751562
195.417007 15.200972 -10.759375
196.016571 15.581558 -10.751562
196.676926 16.014231 -10.759375
197.396729 16.497879 -10.759375
197.798935 16.600075 -10.759375
197.951248 16.752396 -10.759375
198.153564 16.954708 -10.759375
198.405579 17.206728 -10.759375
198.706924 17.508074 -10.759375
199.057144 17.858299 -10.759375
199.455795 18.256947 -10.759375
199.902435 18.703590 -10.759375
200.396729 19.197878 -10.767187
200.924026 19.246767 -10.759375
201.233734 19.379803 -10.775000
201.624252 19.595764 -10.767187
202.093033 19.892616 -10.767187
202.636856 20.267790 -10.759375
203.252289 20.718477 -10.767187
203.935898 21.241911 -10.759375
204.684769 21.835651 -10.759375
205.496735 22.497879 -10.759375
206.008972 22.548004 -10.759375
206.297440 22.681988 -10.759375
206.661011 22.898592 -10.751562
207.097839 23.195765 -10.767187
207.605576 23.570932 -10.767187
208.181656 24.021292 -10.775000
208.823578 24.544081 -10.759375
209.529160 25.136879 -10.759375
210.296738 25.797880 -10.759375
210.789551 25.970034 -10.767187
211.083267 26.205261 -10.759375
211.475891 26.501865 -10.775000
211.964188 26.857172 -10.767187
212.544098 27.267899 -10.759375
213.211273 27.730497 -10.759375
213.961426 28.241535 -10.759375
214.790833 28.798042 -10.759375
215.696732 29.397879 -10.759375
216.117538 29.822008 -10.767187
216.292999 30.008154 -10.759375
216.522751 30.256006 -10.767187
216.806137 30.564976 -10.767187
217.142319 30.934286 -10.759375
217.530350 31.363066 -10.759375
217.969284 31.850433 -10.759375
218.458298 32.395584 -10.759375
218.996735 32.997879 -10.767187
219.410034 33.102089 -10.767187
219.579361 33.247665 -10.767187
219.804489 33.434444 -10.775000
220.084991 33.662106 -10.767187
220.420288 33.930229 -10.767187
220.809753 34.238331 -10.759375
221.252701 34.585926 -10.751562
221.748520 34.972561 -10.767187
222.296738 35.397881 -10.767187
222.410034 35.811176 -10.782812
222.579361 35.980503 -10.782812
222.804489 36.205631 -10.759375
223.084991 36.486137 -10.767187
223.420288 36.821445 -10.775000
223.809753 37.210899 -10.775000
224.252701 37.653843 -10.782812
224.748520 38.149666 -10.767187
225.296738 38.697880 -10.759375
225.710037 38.811176 -10.775000
225.879349 38.980503 -10.775000
226.104477 39.205631 -10.767187
226.384995 39.486137 -10.767187
226.720291 39.821445 -10.759375
227.109756 40.210899 -10.759375
227.552689 40.653843 -10.759375
228.048523 41.149666 -10.767187
228.596725 41.697880 -10.775000
229.032471 41.833626 -10.767187
229.236359 42.037510 -10.767187
229.507874 42.309029 -10.767187
229.846146 42.647293 -10.759375
230.250015 43.051159 -10.759375
230.718201 43.519344 -10.759375
231.249435 44.050579 -10.782812
231.842575 44.643719 -10.782812
232.496735 45.297878 -10.759375
232.432770 45.688816 -10.775000
232.368073 45.824085 -10.775000
232.302628 46.003620 -10.767187
232.236496 46.227257 -10.767187
232.169708 46.494759 -10.775000
232.102310 46.805855 -10.759375
232.034317 47.160252 -10.759375
231.965790 47.557674 -10.759375
231.896729 47.997879 -10.759375
231.587692 48.467381 -10.767187
231.563782 48.696316 -10.759375
231.525146 48.984249 -10.759375
231.471939 49.330399 -10.767187
231.404419 49.733768 -10.775000
231.322891 50.193245 -10.767187
231.227600 50.707718 -10.759375
231.118820 51.276184 -10.767187
230.996735 51.897881 -10.767187
231.425842 51.592480 -10.782812
231.582214 51.578903 -10.782812
231.765640 51.557209 -10.759375
231.975739 51.527512 -10.767187
232.212006 51.489964 -10.767187
232.473770 51.444767 -10.767187
232.760284 51.392147 -10.759375
233.070709 51.332352 -10.767187
233.404175 51.265648 -10.767187
233.759720 51.192318 -10.767187
234.136429 51.112637 -10.759375
234.533386 51.026882 -10.767187
234.949722 50.935314 -10.759375
235.384598 50.838184 -10.759375
235.837296 50.735710 -10.767187
236.307190 50.628078 -10.759375
236.793777 50.515434 -10.759375
237.296738 50.397881 -10.767187
237.394348 50.800076 -10.767187
237.534805 50.952396 -10.767187
237.717987 51.154709 -10.767187
237.943649 51.406727 -10.759375
238.211472 51.708073 -10.759375
238.521057 52.058300 -10.767187
238.872025 52.456947 -10.767187
239.264023 52.903591 -10.767187
239.696732 53.397881 -10.775000
239.718369 53.867779 -10.759375
239.777084 54.097145 -10.767187
239.872696 54.385498 -10.782812
240.004852 54.732006 -10.767187
240.173096 55.135593 -10.767187
240.376907 55.595081 -10.775000
240.615753 56.109291 -10.767187
240.889160 56.677158 -10.759375
241.196732 57.297878 -10.759375
241.227280 57.825172 -10.767187
241.311172 58.134876 -10.759375
241.447739 58.525402 -10.767187
241.635818 58.994179 -10.782812
241.873978 59.538010 -10.759375
242.160614 60.153431 -10.767187
242.494156 60.837051 -10.767187
242.873215 61.585922 -10.767187
243.296738 62.397881 -10.759375
242.969238 62.924541 -10.767187
242.895523 63.233372 -10.767187
242.776413 63.622898 -10.767187
242.613251 64.090736 -10.759375
242.407730 64.633896 -10.775000
242.161652 65.249130 -10.767187
241.876831 65.933266 -10.759375
241.554794 66.683533 -10.767187
241.196732 67.497879 -10.767187
240.850586 68.039070 -10.767187
240.726517 68.368561 -10.767187
240.526215 68.784477 -10.775000
240.252304 69.283791 -10.759375
239.908112 69.862755 -10.767187
239.497238 70.517311 -10.759375
239.023148 71.243500 -10.775000
238.488907 72.037857 -10.767187
237.896729 72.897881 -10.782812
237.379257 73.077782 -10.767187
237.045746 73.309807 -10.775000
236.599518 73.592438 -10.767187
236.045868 73.923325 -10.798437
235.391296 74.299530 -10.767187
234.642822 74.717903 -10.775000
233.807251 75.175392 -10.790625
232.890472 75.669350 -10.775000
231.896729 76.197876 -10.767187
231.380142 76.356422 -10.767187
231.048050 76.528465 -10.767187
230.603577 76.713074 -10.775000
230.051636 76.908890 -10.767187
229.398361 77.114235 -10.782812
228.650330 77.327354 -10.775000
227.813934 77.546547 -10.767187
226.894730 77.770386 -10.767187
225.896729 77.997879 -10.775000
225.497925 78.079132 -10.767187
225.368057 78.163475 -10.767187
225.207352 78.250862 -10.767187
225.016190 78.341164 -10.775000
224.795151 78.434235 -10.775000
224.544937 78.529907 -10.767187
224.266342 78.627960 -10.775000
223.960266 78.728172 -10.775000
223.627670 78.830299 -10.775000
223.269562 78.934105 -10.767187
222.886932 79.039337 -10.775000
222.480759 79.145752 -10.767187
222.052017 79.253120 -10.767187
221.601562 79.361237 -10.767187
221.130219 79.469902 -10.767187
220.638626 79.578972 -10.767187
220.127350 79.688324 -10.767187
219.596725 79.797882 -10.775000
219.197525 79.878181 -10.775000
219.067078 79.961113 -10.775000
218.905609 80.046654 -10.767187
218.713547 80.134773 -10.767187
218.491501 80.225410 -10.775000
218.240204 80.318512 -10.775000
217.960556 80.413994 -10.775000
217.653473 80.511787 -10.775000
217.320007 80.611794 -10.767187
216.961212 80.713936 -10.782812
216.578140 80.818123 -10.767187
216.171860 80.924255 -10.767187
215.743378 81.032265 -10.767187
215.293625 81.142059 -10.767187
214.823456 81.253571 -10.775000
214.333557 81.366737 -10.790625
213.824524 81.481522 -10.790625
213.296738 81.597878 -10.775000
212.897522 81.679535 -10.759375
212.767075 81.765862 -10.759375
212.605606 81.856827 -10.767187
212.413544 81.952362 -10.767187
212.191498 82.052391 -10.775000
211.940216 82.156784 -10.767187
211.660553 82.265427 -10.767187
211.353470 82.378166 -10.767187
211.020004 82.494850 -10.767187
210.661209 82.615326 -10.775000
210.278137 82.739433 -10.759375
209.871857 82.867004 -10.767187
209.443375 82.997902 -10.767187
208.993622 83.131981 -10.782812
208.523453 83.269112 -10.775000
208.033569 83.409187 -10.767187
207.524536 83.552132 -10.767187
206.996735 83.697876 -10.767187
206.440903 83.716492 -10.782812
206.090424 83.766647 -10.775000
205.647659 83.847572 -10.767187
205.116348 83.958008 -10.775000
204.501160 84.096405 -10.767187
203.807098 84.261086 -10.775000
203.039047 84.450439 -10.790625
202.201233 84.663048 -10.767187
201.296738 84.897881 -10.759375
200.867233 85.207733 -10.767187
200.710266 85.233475 -10.767187
200.526093 85.275024 -10.775000
200.315079 85.332230 -10.767187
200.077805 85.404884 -10.767187
199.814972 85.492706 -10.767187
199.527390 85.595383 -10.767187
199.215958 85.712555 -10.767187
198.881638 85.843834 -10.775000
198.525391 85.988838 -10.767187
198.148239 86.147156 -10.767187
197.751175 86.318382 -10.767187
197.335098 86.502151 -10.767187
196.900925 86.698090 -10.767187
196.449402 86.905884 -10.775000
195.981216 87.125252 -10.767187
195.496872 87.355965 -10.775000
194.996735 87.597878 -10.767187
194.527237 87.602402 -10.767187
194.298294 87.614349 -10.782812
194.010361 87.633675 -10.767187
193.664215 87.660278 -10.767187
193.260849 87.694031 -10.767187
192.801361 87.734802 -10.767187
192.286896 87.782440 -10.775000
191.718430 87.836838 -10.775000
191.096725 87.897881 -10.775000
190.540115 87.900627 -10.782812
190.188416 87.910225 -10.775000
189.744186 87.926926 -10.775000
189.211456 87.951096 -10.775000
188.595215 87.983154 -10.775000
187.900818 88.023506 -10.775000
187.133469 88.072563 -10.767187
186.297699 88.130623 -10.775000
185.396729 88.197884 -10.767187
184.884491 87.893326 -10.775000
184.596024 87.881142 -10.767187
184.232452 87.861450 -10.767187
183.795624 87.834435 -10.767187
183.287888 87.800331 -10.767187
182.711807 87.759384 -10.767187
182.069885 87.711861 -10.767187
181.364304 87.657974 -10.775000
180.596725 87.597878 -10.775000
180.070068 87.274963 -10.775000
179.761246 87.213539 -10.775000
179.371719 87.114281 -10.767187
178.903870 86.978310 -10.767187
178.360718 86.807037 -10.775000
177.745483 86.601982 -10.782812
177.061340 86.364624 -10.775000
176.311081 86.096268 -10.775000
175.496735 85.797882 -10.775000
174.998825 85.479729 -10.767187
174.730438 85.431374 -10.775000
174.392426 85.353172 -10.775000
173.986191 85.245743 -10.767187
173.513535 85.109848 -10.775000
172.976456 84.946335 -10.767187
172.376892 84.756042 -10.767187
171.716537 84.539703 -10.782812
170.996735 84.297882 -10.767187
170.610458 83.978851 -10.775000
170.495621 83.931152 -10.775000
170.352234 83.854774 -10.767187
170.180344 83.749763 -10.767187
169.980057 83.616180 -10.782812
169.751434 83.454109 -10.767187
169.494614 83.263641 -10.775000
169.209671 83.044868 -10.775000
168.896729 82.797882 -10.790625
168.494537 82.872612 -10.775000
168.342209 82.953751 -10.775000
168.139908 83.041267 -10.775000
167.887878 83.135139 -10.790625
167.586533 83.235313 -10.767187
167.236313 83.341728 -10.767187
166.837662 83.454330 -10.775000
166.391022 83.573059 -10.782812
165.896729 83.697876 -10.775000
165.467224 83.703682 -10.775000
165.310272 83.719238 -10.775000
165.126083 83.744514 -10.759375
164.915070 83.779457 -10.767187
164.677795 83.823944 -10.775000
164.414963 83.877876 -10.775000
164.127396 83.941078 -10.767187
163.815964 84.013405 -10.775000
163.481628 84.094666 -10.767187
163.125397 84.184662 -10.775000
162.748245 84.283218 -10.775000
162.351166 84.390137 -10.775000
161.935104 84.505226 -10.775000
161.500916 84.628319 -10.767187
161.049393 84.759254 -10.767187
160.581207 84.897896 -10.775000
160.096863 85.044136 -10.767187
159.596725 85.197876 -10.767187
159.192825 85.282829 -10.775000
159.055832 85.370537 -10.775000
158.885971 85.460930 -10.775000
158.683762 85.553879 -10.767187
158.449860 85.649216 -10.767187
158.185104 85.746758 -10.775000
157.890488 85.846260 -10.775000
157.567047 85.947479 -10.782812
157.215942 86.050156 -10.767187
156.838379 86.154007 -10.775000
156.435516 86.258774 -10.767187
156.008575 86.364182 -10.767187
155.558655 86.469986 -10.775000
155.086807 86.575951 -10.775000
154.593994 86.681870 -10.767187
154.080978 86.787582 -10.775000
153.548416 86.892944 -10.782812
152.996735 86.997879 -10.782812
152.569000 87.015526 -10.767187
152.397568 87.062386 -10.767187
152.182571 87.138412 -10.767187
151.924271 87.243484 -10.775000
151.623016 87.377426 -10.767187
151.279251 87.540047 -10.767187
150.893356 87.731125 -10.767187
150.465744 87.950462 -10.767187
149.996735 88.197876 -10.767187
149.553833 88.502373 -10.767187
149.384048 88.513985 -10.775000
149.187637 88.532639 -10.775000
148.965057 88.558228 -10.775000
148.717010 88.590553 -10.775000
148.444321 88.629402 -10.767187
148.148041 88.674492 -10.775000
147.829330 88.725525 -10.775000
147.489471 88.782150 -10.767187
147.129898 88.844002 -10.767187
146.752090 88.910675 -10.775000
146.357605 88.981766 -10.767187
145.948059 89.056847 -10.775000
145.525101 89.135468 -10.767187
145.090378 89.217209 -10.767187
144.645569 89.301620 -10.798437
144.192291 89.388268 -10.767187
143.732132 89.476746 -10.767187
143.266602 89.566635 -10.767187
142.797165 89.657570 -10.775000
142.325150 89.749184 -10.767187
141.851776 89.841148 -10.775000
141.378143 89.933189 -10.782812
140.905167 90.025055 -10.782812
140.433609 90.116547 -10.767187
139.964020 90.207520 -10.767187
139.496735 90.297882 -10.767187
139.012619 90.333000 -10.775000
138.763550 90.427849 -10.767187
138.450211 90.582001 -10.782812
138.073730 90.794647 -10.775000
137.635559 91.064774 -10.775000
137.137299 91.391243 -10.775000
136.580521 91.772896 -10.767187
135.966644 92.208710 -10.767187
135.296738 92.697876 -10.767187
134.980850 93.123428 -10.767187
134.940842 93.270905 -10.767187
134.876892 93.440155 -10.814062
134.789352 93.630852 -10.775000
134.678711 93.842545 -10.767187
134.545609 94.074654 -10.767187
134.390808 94.326500 -10.798437
134.215164 94.597282 -10.767187
134.019653 94.886131 -10.775000
133.805313 95.192101 -10.775000
133.573242 95.514183 -10.767187
133.324615 95.851318 -10.775000
133.060638 96.202415 -10.775000
132.782516 96.566360 -10.775000
132.491516 96.942024 -10.767187
132.188843 97.328293 -10.767187
131.875717 97.724060 -10.790625
131.553329 98.128250 -10.775000
131.222824 98.539825 -10.775000
130.885269 98.957802 -10.775000
130.541672 99.381279 -10.775000
130.192947 99.809402 -10.775000
129.839920 100.241447 -10.775000
129.483292 100.676773 -10.767187
129.123627 101.114853 -10.767187
128.761353 101.555305 -10.775000
128.396729 101.997879 -10.775000
127.883934 102.019302 -10.790625
127.594727 102.078430 -10.775000
127.230339 102.174919 -10.775000
126.792763 102.308182 -10.782812
126.284508 102.477448 -10.790625
125.708298 102.681854 -10.767187
125.066803 102.920547 -10.767187
124.362373 103.192757 -10.782812
123.596733 103.497879 -10.775000
123.149635 103.635925 -10.767187
122.928146 103.833389 -10.775000
122.632973 104.089706 -10.775000
122.265343 104.403893 -10.767187
121.826805 104.774719 -10.767187
121.319084 105.200798 -10.775000
120.743881 105.680779 -10.775000
120.102715 106.213448 -10.775000
119.396729 106.797882 -10.775000
118.903206 106.977562 -10.767187
118.608452 107.235100 -10.775000
118.214615 107.568840 -10.775000
117.725166 107.976120 -10.782812
117.144394 108.453636 -10.782812
116.476967 108.997795 -10.782812
115.727417 109.605118 -10.775000
114.899712 110.272552 -10.782812
113.996735 110.997879 -10.767187
113.554398 111.011597 -10.775000
113.381073 111.046432 -10.775000
113.177063 111.102196 -10.775000
112.942909 111.178520 -10.782812
112.679359 111.274879 -10.775000
112.387337 111.390648 -10.782812
112.067917 111.525101 -10.767187
111.722290 111.677422 -10.782812
111.351707 111.846764 -10.782812
110.957474 112.032219 -10.775000
110.540909 112.232910 -10.775000
110.103294 112.447952 -10.767187
109.645874 112.676498 -10.775000
109.169785 112.917763 -10.767187
108.676064 113.171066 -10.767187
108.165565 113.435799 -10.775000
107.638969 113.711510 -10.782812
107.096733 113.997879 -10.775000
106.603203 114.140640 -10.775000
106.308449 114.298935 -10.790625
105.914612 114.472420 -10.775000
105.425163 114.660576 -10.782812
104.844391 114.862740 -10.775000
104.176964 115.078194 -10.782812
103.427422 115.306252 -10.775000
102.599709 115.546288 -10.775000
101.696732 115.797882 -10.782812
101.226936 115.803505 -10.775000
101.017189 115.819183 -10.782812
100.768105 115.844872 -10.782812
100.480766 115.880463 -10.782812
100.156647 115.925827 -10.782812
99.797554 115.980774 -10.775000
99.405586 116.045090 -10.775000
98.983009 116.118530 -10.782812
98.532272 116.200844 -10.775000
98.055878 116.291756 -10.775000
97.556343 116.390991 -10.775000
97.036148 116.498276 -10.775000
96.497635 116.613350 -10.775000
95.942993 116.735962 -10.775000
95.374146 116.865898 -10.775000
94.792732 117.002960 -10.767187
94.199982 117.146988 -10.798437
93.596733 117.297882 -10.775000
93.167229 117.298286 -10.775000
93.010277 117.300262 -10.775000
92.826088 117.303848 -10.767187
92.615074 117.309082 -10.775000
92.377800 117.316032 -10.775000
92.114967 117.324760 -10.775000
91.827393 117.335350 -10.782812
91.515961 117.347878 -10.775000
91.181633 117.362434 -10.775000
90.825394 117.379105 -10.767187
90.448242 117.397980 -10.775000
90.051170 117.419136 -10.775000
89.635101 117.442665 -10.775000
89.200920 117.468628 -10.767187
88.749397 117.497086 -10.782812
88.281212 117.528099 -10.775000
87.796867 117.561684 -10.775000
87.296730 117.597878 -10.775000
86.806305 117.600441 -10.782812
86.568466 117.608299 -10.775000
86.284126 117.621490 -10.782812
85.954865 117.640060 -10.775000
85.582817 117.664070 -10.775000
85.170616 117.693581 -10.775000
84.721260 117.728653 -10.790625
84.238068 117.769356 -10.767187
83.724541 117.815750 -10.775000
83.184303 117.867889 -10.775000
82.620972 117.925850 -10.775000
82.038116 117.989677 -10.782812
81.439117 118.059418 -10.782812
80.827087 118.135117 -10.775000
80.204796 118.216797 -10.767187
79.574570 118.304482 -10.775000
78.938164 118.398178 -10.790625
78.296730 118.497879 -10.775000
77.854393 118.197876 -10.775000
77.681076 118.197876 -10.782812
77.477066 118.197876 -10.782812
77.242912 118.197876 -10.775000
76.979355 118.197876 -10.775000
76.687332 118.197876 -10.782812
76.367920 118.197876 -10.775000
76.022285 118.197876 -10.775000
75.651703 118.197876 -10.790625
75.257477 118.197876 -10.782812
74.840904 118.197876 -10.775000
74.403297 118.197876 -10.782812
73.945869 118.197876 -10.775000
73.469788 118.197876 -10.775000
72.976059 118.197876 -10.782812
72.465561 118.197876 -10.775000
71.938965 118.197876 -10.790625
71.396729 118.197876 -10.775000
70.947739 117.897881 -10.798437
70.765778 117.897881 -10.775000
70.551201 117.897881 -10.775000
70.304657 117.897881 -10.782812
70.027016 117.897881 -10.790625
69.719383 117.897881 -10.790625
69.383018 117.897881 -10.775000
69.019295 117.897881 -10.775000
68.629707 117.897881 -10.775000
68.215767 117.897881 -10.782812
67.779022 117.897881 -10.790625
67.320976 117.897881 -10.775000
66.843079 117.897881 -10.782812
66.346664 117.897881 -10.775000
65.832932 117.897881 -10.790625
65.302879 117.897881 -10.775000
64.757309 117.897881 -10.798437
64.196732 117.897881 -10.782812
63.761024 117.597878 -10.775000
63.596233 117.597878 -10.775000
63.402603 117.597878 -10.775000
63.180592 117.597878 -10.782812
62.930824 117.597878 -10.775000
62.654087 117.597878 -10.775000
62.351284 117.597878 -10.782812
62.023415 117.597878 -10.775000
61.671543 117.597878 -10.775000
61.296772 117.597878 -10.775000
60.900211 117.597878 -10.775000
60.482960 117.597878 -10.782812
60.046062 117.597878 -10.775000
59.590488 117.597878 -10.775000
59.117115 117.597878 -10.782812
58.626675 117.597878 -10.798437
58.119751 117.597878 -10.775000
57.596733 117.597878 -10.782812
57.154396 117.293762 -10.775000
56.981075 117.283310 -10.775000
56.777065 117.266586 -10.775000
56.542908 117.243690 -10.782812
56.279354 117.214783 -10.775000
55.987335 117.180046 -10.782812
55.667919 117.139717 -10.767187
55.322289 117.094017 -10.782812
54.951706 117.043213 -10.782812
54.557476 116.987579 -10.775000
54.140907 116.927368 -10.775000
53.703293 116.862862 -10.782812
53.245872 116.794296 -10.775000
52.769787 116.721916 -10.775000
52.276062 116.645927 -10.782812
51.765564 116.566505 -10.775000
51.238968 116.483795 -10.775000
50.696732 116.397881 -10.775000
50.267620 116.096527 -10.782812
50.111252 116.093132 -10.782812
49.927826 116.087715 -10.775000
49.717720 116.080284 -10.790625
49.481457 116.070900 -10.782812
49.219688 116.059601 -10.782812
48.933174 116.046448 -10.775000
48.622746 116.031494 -10.775000
48.289295 116.014824 -10.775000
47.933746 115.996490 -10.775000
47.557034 115.976570 -10.790625
47.160072 115.955132 -10.775000
46.743740 115.932236 -10.790625
46.308861 115.907959 -10.782812
45.856167 115.882339 -10.790625
45.386276 115.855431 -10.790625
44.899689 115.827271 -10.775000
44.396732 115.797882 -10.782812
43.855541 115.470192 -10.775000
43.526051 115.395752 -10.775000
43.110138 115.275566 -10.782812
42.610825 115.111221 -10.775000
42.031857 114.904709 -10.775000
41.377296 114.658180 -10.782812
40.651115 114.373726 -10.775000
39.856750 114.053185 -10.782812
38.996731 113.697884 -10.782812
38.561024 113.693802 -10.775000
38.396233 113.683487 -10.775000
38.202602 113.666992 -10.775000
37.980591 113.644424 -10.775000
37.730824 113.615898 -10.775000
37.454086 113.581596 -10.767187
37.151287 113.541710 -10.775000
36.823414 113.496452 -10.782812
36.471542 113.446053 -10.775000
36.096771 113.390747 -10.775000
35.700211 113.330765 -10.775000
35.282959 113.266357 -10.775000
34.846062 113.197739 -10.782812
34.390491 113.125114 -10.782812
33.917114 113.048676 -10.775000
33.426674 112.968582 -10.790625
32.919750 112.884956 -10.782812
32.396732 112.797882 -10.775000
31.870071 112.484131 -10.775000
31.561241 112.447273 -10.775000
31.171713 112.387718 -10.767187
30.703876 112.306137 -10.775000
30.160717 112.203377 -10.782812
29.545481 112.080338 -10.767187
28.861341 111.937927 -10.775000
28.111076 111.776917 -10.775000
27.296732 111.597878 -10.775000
26.827230 111.575272 -10.775000
26.598295 111.515526 -10.775000
26.310364 111.418900 -10.782812
25.964212 111.285889 -10.798437
25.560843 111.117119 -10.775000
25.101364 110.913277 -10.775000
24.586893 110.675064 -10.775000
24.018425 110.403107 -10.767187
23.396732 110.097878 -10.782812
22.967228 109.788025 -10.775000
22.810274 109.762291 -10.775000
22.626087 109.720741 -10.767187
22.415073 109.663528 -10.775000
22.177801 109.590874 -10.782812
21.914970 109.503052 -10.782812
21.627390 109.400375 -10.775000
21.315960 109.283211 -10.767187
20.981630 109.151924 -10.767187
20.625393 109.006920 -10.775000
20.248245 108.848610 -10.775000
19.851168 108.677376 -10.775000
19.435102 108.493607 -10.782812
19.000919 108.297668 -10.775000
18.549400 108.089874 -10.782812
18.081209 107.870506 -10.782812
17.596870 107.639793 -10.775000
17.096731 107.397881 -10.775000
16.737436 107.403137 -10.775000
16.659607 107.415428 -10.775000
16.563238 107.434738 -10.775000
16.448338 107.461067 -10.775000
16.314924 107.494423 -10.775000
16.163025 107.534798 -10.775000
15.992671 107.582169 -10.775000
15.803897 107.636536 -10.767187
15.596735 107.697876 -10.767187
15.284084 107.351624 -10.775000
15.257930 107.291931 -10.775000
15.218258 107.218788 -10.775000
15.165071 107.132195 -10.775000
15.098373 107.032166 -10.775000
15.018177 106.918701 -10.775000
14.924496 106.791824 -10.775000
14.817344 106.651543 -10.775000
14.696738 106.497887 -10.775000
14.316485 106.417633 -10.775000
14.197716 106.298866 -10.775000
14.040457 106.141602 -10.767187
13.844809 105.945953 -10.767187
13.610924 105.712074 -10.775000
13.338984 105.440132 -10.767187
13.029182 105.130333 -10.767187
12.681711 104.782860 -10.782812
12.296733 104.397881 -10.775000
11.798326 104.053719 -10.782812
11.529323 103.934319 -10.767187
11.190642 103.740410 -10.775000
10.783816 103.473259 -10.775000
10.310769 103.134491 -10.775000
9.773608 102.725899 -10.767187
9.174407 102.249268 -10.775000
8.514993 101.706184 -10.790625
7.796732 101.097878 -10.782812
7.350082 100.658752 -10.775000
7.129108 100.460037 -10.790625
6.834467 100.202454 -10.767187
6.467298 99.887146 -10.775000
6.029064 99.515594 -10.782812
5.521382 99.089417 -10.775000
4.945863 98.610199 -10.775000
4.303946 98.079330 -10.775000
3.596732 97.497879 -10.767187
3.114983 97.325294 -10.767187
2.839031 97.073914 -10.775000
2.470561 96.745148 -10.775000
2.012316 96.341293 -10.775000
1.467719 95.865204 -10.767187
0.840488 95.319992 -10.767187
0.134264 94.708717 -10.767187
-0.647770 94.034019 -10.775000
-1.503268 93.297882 -10.767187
-1.566890 92.726410 -10.782812
-1.741060 92.353157 -10.775000
-2.023122 91.881287 -10.782812
-2.408808 91.315727 -10.775000
-2.892826 90.662582 -10.775000
-3.469444 89.928383 -10.767187
-4.133074 89.119476 -10.775000
-4.878862 88.241333 -10.775000
-5.703268 87.297882 -10.790625
-6.153952 86.839836 -10.767187
-6.370612 86.601105 -10.775000
-6.652283 86.282585 -10.775000
-6.997381 85.885796 -10.798437
-7.403924 85.412674 -10.767187
-7.869751 84.865356 -10.767187
-8.392743 84.245949 -10.775000
-8.971043 83.556320 -10.775000
-9.603268 82.797882 -10.790625
-10.039014 82.362137 -10.775000
-10.242898 82.158249 -10.782812
-10.514418 81.886734 -10.775000
-10.852683 81.548462 -10.775000
-11.256546 81.144600 -10.782812
-11.724733 80.676414 -10.775000
-12.255968 80.145180 -10.767187
-12.849108 79.552040 -10.775000
-13.503267 78.897881 -10.767187
-13.847437 78.413773 -10.775000
-13.966314 78.164703 -10.767187
-14.159316 77.851357 -10.782812
-14.425407 77.474869 -10.767187
-14.763250 77.036697 -10.775000
-15.171355 76.538437 -10.775000
-15.648234 75.981674 -10.767187
-16.192551 75.367798 -10.767187
-16.803268 74.697884 -10.767187
-17.125237 74.256165 -10.782812
-17.183891 74.065590 -10.775000
-17.279135 73.826378 -10.775000
-17.410751 73.538918 -10.775000
-17.578451 73.203758 -10.767187
-17.781889 72.821495 -10.775000
-18.020716 72.392738 -10.767187
-18.294600 71.918053 -10.775000
-18.603268 71.397881 -10.767187
-19.016567 71.284584 -10.767187
-19.185890 71.115257 -10.767187
-19.411020 70.890129 -10.775000
-19.691526 70.609619 -10.790625
-20.026833 70.274315 -10.782812
-20.416288 69.884857 -10.767187
-20.859232 69.441917 -10.782812
-21.355055 68.946091 -10.767187
-21.903267 68.397881 -10.767187
-22.302471 68.002724 -10.782812
-22.432924 67.882454 -10.782812
-22.594397 67.737259 -10.775000
-22.786457 67.567467 -10.775000
-23.008505 67.373581 -10.775000
-23.259790 67.156189 -10.767187
-23.539450 66.916000 -10.767187
-23.846523 66.653770 -10.767187
-24.179991 66.370331 -10.767187
-24.538794 66.066528 -10.767187
-24.921862 65.743217 -10.775000
-25.328140 65.401253 -10.767187
-25.756624 65.041443 -10.775000
-26.206375 64.664543 -10.767187
-26.676550 64.271225 -10.782812
-27.166437 63.862064 -10.782812
-27.675470 63.437511 -10.775000
-28.203268 62.997879 -10.782812
-28.730560 62.635246 -10.767187
-29.040264 62.465351 -10.782812
-29.430790 62.189835 -10.775000
-29.899567 61.811401 -10.767187
-30.443399 61.333466 -10.767187
-31.058819 60.759743 -10.775000
-31.742439 60.093895 -10.767187
-32.491310 59.339142 -10.767187
-33.303268 58.497879 -10.782812
-33.665138 57.988277 -10.775000
-33.833153 57.709476 -10.767187
-34.106052 57.362812 -10.775000
-34.481705 56.950439 -10.775000
-34.957401 56.475021 -10.767187
-35.530159 55.939453 -10.767187
-36.197025 55.346550 -10.775000
-36.955391 54.698761 -10.775000
-37.803268 53.997879 -10.767187
-38.153179 53.499977 -10.767187
-38.286156 53.231590 -10.775000
-38.501205 52.893570 -10.775000
-38.796650 52.487335 -10.767187
-39.170361 52.014690 -10.759375
-39.620018 51.477608 -10.775000
-40.143326 50.878033 -10.775000
-40.738251 50.217693 -10.798437
-41.403267 49.497879 -10.775000
-41.827747 49.073399 -10.775000
-42.014256 48.886894 -10.767187
-42.262440 48.638706 -10.767187
-42.571678 48.329468 -10.767187
-42.941147 47.960003 -10.767187
-43.369915 47.531231 -10.767187
-43.857059 47.044086 -10.767187
-44.401733 46.499416 -10.767187
-45.003269 45.897881 -10.775000
-45.317112 45.356689 -10.767187
-45.354332 45.027199 -10.767187
-45.414425 44.611286 -10.767187
-45.496597 44.111973 -10.775000
-45.599854 43.533005 -10.767187
-45.723118 42.878445 -10.782812
-45.865345 42.152264 -10.767187
-46.025616 41.357899 -10.767187
-46.203270 40.497879 -10.782812
-46.212498 39.956688 -10.775000
-46.237309 39.627197 -10.767187
-46.277374 39.211285 -10.782812
-46.332153 38.711971 -10.767187
-46.400993 38.133003 -10.775000
-46.483170 37.478447 -10.775000
-46.577984 36.752262 -10.759375
-46.684834 35.957901 -10.775000
-46.803268 35.097881 -10.767187
-46.798813 34.668377 -10.775000
-46.786655 34.511421 -10.775000
-46.766800 34.327236 -10.782812
-46.739288 34.116222 -10.767187
-46.704178 33.878948 -10.767187
-46.661552 33.616119 -10.767187
-46.611500 33.328537 -10.759375
-46.554127 33.017109 -10.767187
-46.489544 32.682777 -10.767187
-46.417873 32.326542 -10.767187
-46.339237 31.949394 -10.767187
-46.253761 31.552317 -10.767187
-46.161560 31.136250 -10.782812
-46.062752 30.702066 -10.759375
-45.957436 30.250549 -10.775000
-45.845699 29.782358 -10.759375
-45.727627 29.298018 -10.775000
-45.603268 28.797880 -10.767187
-45.444725 28.339336 -10.767187
-45.205376 28.099987 -10.767187
-44.886192 27.780806 -10.767187
-44.488811 27.383423 -10.767187
-44.015289 26.909901 -10.767187
-43.467896 26.362505 -10.775000
-42.848858 25.743469 -10.767187
-42.160152 25.054766 -10.759375
-41.403271 24.297880 -10.759375
-40.945229 24.165346 -10.775000
-40.706497 23.997042 -10.759375
-40.387970 23.793570 -10.767187
-39.991180 23.555906 -10.759375
-39.518063 23.285259 -10.775000
-38.970745 22.982943 -10.767187
-38.351334 22.650244 -10.759375
-37.661705 22.288280 -10.767187
-36.903271 21.897881 -10.767187
-36.375977 21.862741 -10.775000
-36.066273 21.766563 -10.759375
-35.675747 21.610157 -10.759375
-35.206970 21.394884 -10.759375
-34.663139 21.122473 -10.767187
-34.047718 20.794821 -10.767187
-33.364098 20.413803 -10.759375
-32.615227 19.981073 -10.767187
-31.803268 19.497881 -10.759375
-31.290472 19.171900 -10.759375
-31.001265 19.100595 -10.759375
-30.636871 18.984411 -10.767187
-30.199297 18.824131 -10.767187
-29.691042 18.620760 -10.767187
-29.114834 18.375412 -10.759375
-28.473343 18.089193 -10.759375
-27.768911 17.763096 -10.759375
-27.003269 17.397881 -10.767187
-26.519608 17.075254 -10.767187
-26.271057 17.015194 -10.759375
-25.958239 16.918055 -10.759375
-25.582214 16.784451 -10.767187
-25.144344 16.615168 -10.767187
-24.646124 16.411066 -10.767187
-24.089043 16.173006 -10.775000
-23.474421 15.901750 -10.767187
-22.803268 15.597880 -10.767187
-22.290472 15.271900 -10.775000
-22.001265 15.200595 -10.767187
-21.636871 15.084411 -10.767187
-21.199297 14.924130 -10.767187
-20.691042 14.720759 -10.759375
-20.114834 14.475411 -10.767187
-19.473343 14.189193 -10.767187
-18.768911 13.863096 -10.775000
-18.003269 13.497880 -10.759375
-17.579140 13.081600 -10.767187
-17.392994 12.918039 -10.759375
-17.145142 12.707526 -10.767187
-16.836174 12.450642 -10.775000
-16.466862 12.148130 -10.775000
-16.038082 11.800822 -10.767187
-15.550715 11.409545 -10.775000
-15.005566 10.975040 -10.759375
-14.403269 10.497881 -10.775000
-14.265221 10.050782 -10.759375
-14.067756 9.829293 -10.767187
-13.811441 9.534122 -10.767187
-13.497252 9.166492 -10.767187
-13.126431 8.727957 -10.767187
-12.700349 8.220235 -10.759375
-12.220368 7.645030 -10.767187
-11.687700 7.003860 -10.767187
-11.103269 6.297881 -10.767187
-11.053144 5.785646 -10.767187
-10.919160 5.497175 -10.759375
-10.702557 5.133596 -10.759375
-10.405384 4.696773 -10.759375
-10.030215 4.189043 -10.782812
-9.579856 3.612960 -10.759375
-9.057067 2.971030 -10.759375
-8.464270 2.265457 -10.759375
-7.803269 1.497880 -10.759375
-7.394246 1.406486 -10.767187
-7.249987 1.308451 -10.767187
-7.070806 1.203899 -10.767187
-6.857278 1.093039 -10.759375
-6.610209 0.976155 -10.759375
-6.330591 0.853593 -10.759375
-6.019577 0.725749 -10.759375
-5.678435 0.593056 -10.767187
-5.308520 0.455974 -10.767187
-4.911234 0.314978 -10.767187
-4.487991 0.170541 -10.767187
-4.040181 0.023130 -10.759375
-3.569135 -0.126814 -10.759375
-3.076088 -0.278882 -10.767187
-2.562146 -0.432713 -10.759375
-2.028245 -0.588004 -10.751562
-1.475121 -0.744523 -10.767187
-0.903269 -0.902120 -10.767187
