231.425842 51.592480 -10.782812
231.582214 51.578903 -10.782812
231.765640 51.557209 -10.759375
231.975739 51.527512 -10.767187
232.212006 51.489964 -10.767187
232.473770 51.444767 -10.767187
232.760284 51.392147 -10.759375
233.070709 51.332352 -10.767187
233.404175 51.265648 -10.767187
233.759720 51.192318 -10.767187
234.136429 51.112637 -10.759375
234.533386 51.026882 -10.767187
234.949722 50.935314 -10.759375
235.384598 50.838184 -10.759375
235.837296 50.735710 -10.767187
236.307190 50.628078 -10.759375
236.793777 50.515434 -10.759375
237.296738 50.397881 -10.767187
237.394348 50.800076 -10.767187
237.534805 50.952396 -10.767187
237.717987 51.154709 -10.767187
237.943649 51.406727 -10.759375
238.211472 51.708073 -10.759375
238.521057 52.058300 -10.767187
238.872025 52.456947 -10.767187
239.264023 52.903591 -10.767187
239.696732 53.397881 -10.775000
239.718369 53.867779 -10.759375
239.777084 54.097145 -10.767187
239.872696 54.385498 -10.782812
240.004852 54.732006 -10.767187
240.173096 55.135593 -10.767187
240.376907 55.595081 -10.775000
240.615753 56.109291 -10.767187
240.889160 56.677158 -10.759375
241.196732 57.297878 -10.759375
241.227280 57.825172 -10.767187
241.311172 58.134876 -10.759375
241.447739 58.525402 -10.767187
241.635818 58.994179 -10.782812
241.873978 59.538010 -10.759375
242.160614 60.153431 -10.767187
242.494156 60.837051 -10.767187
242.873215 61.585922 -10.767187
243.296738 62.397881 -10.759375
242.969238 62.924541 -10.767187
242.895523 63.233372 -10.767187
242.776413 63.622898 -10.767187
242.613251 64.090736 -10.759375
242.407730 64.633896 -10.775000
242.161652 65.249130 -10.767187
241.876831 65.933266 -10.759375
241.554794 66.683533 -10.767187
241.196732 67.497879 -10.767187
240.850586 68.039070 -10.767187
240.726517 68.368561 -10.767187
240.526215 68.784477 -10.775000
240.252304 69.283791 -10.759375
239.908112 69.862755 -10.767187
239.497238 70.517311 -10.759375
239.023148 71.243500 -10.775000
238.488907 72.037857 -10.767187
237.896729 72.897881 -10.782812
237.379257 73.077782 -10.767187
237.045746 73.309807 -10.775000
236.599518 73.592438 -10.767187
236.045868 73.923325 -10.798437
235.391296 74.299530 -10.767187
234.642822 74.717903 -10.775000
233.807251 75.175392 -10.790625
232.890472 75.669350 -10.775000
231.896729 76.197876 -10.767187
231.380142 76.356422 -10.767187
231.048050 76.528465 -10.767187
230.603577 76.713074 -10.775000
230.051636 76.908890 -10.767187
229.398361 77.114235 -10.782812
228.650330 77.327354 -10.775000
227.813934 77.546547 -10.767187
226.894730 77.770386 -10.767187
225.896729 77.997879 -10.775000
225.497925 78.079132 -10.767187
225.368057 78.163475 -10.767187
225.207352 78.250862 -10.767187
225.016190 78.341164 -10.775000
224.795151 78.434235 -10.775000
224.544937 78.529907 -10.767187
224.266342 78.627960 -10.775000
223.960266 78.728172 -10.775000
223.627670 78.830299 -10.775000
223.269562 78.934105 -10.767187
222.886932 79.039337 -10.775000
222.480759 79.145752 -10.767187
222.052017 79.253120 -10.767187
221.601562 79.361237 -10.767187
221.130219 79.469902 -10.767187
220.638626 79.578972 -10.767187
220.127350 79.688324 -10.767187
219.596725 79.797882 -10.775000
219.197525 79.878181 -10.775000
219.067078 79.961113 -10.775000
218.905609 80.046654 -10.767187
218.713547 80.134773 -10.767187
218.491501 80.225410 -10.775000
218.240204 80.318512 -10.775000
217.960556 80.413994 -10.775000
217.653473 80.511787 -10.775000
217.320007 80.611794 -10.767187
216.961212 80.713936 -10.782812
216.578140 80.818123 -10.767187
216.171860 80.924255 -10.767187
215.743378 81.032265 -10.767187
215.293625 81.142059 -10.767187
214.823456 81.253571 -10.775000
214.333557 81.366737 -10.790625
213.824524 81.481522 -10.790625
213.296738 81.597878 -10.775000
212.897522 81.679535 -10.759375
212.767075 81.765862 -10.759375
212.605606 81.856827 -10.767187
212.413544 81.952362 -10.767187
212.191498 82.052391 -10.775000
211.940216 82.156784 -10.767187
211.660553 82.265427 -10.767187
211.353470 82.378166 -10.767187
211.020004 82.494850 -10.767187
210.661209 82.615326 -10.775000
210.278137 82.739433 -10.759375
209.871857 82.867004 -10.767187
209.443375 82.997902 -10.767187
208.993622 83.131981 -10.782812
208.523453 83.269112 -10.775000
208.033569 83.409187 -10.767187
207.524536 83.552132 -10.767187
206.996735 83.697876 -10.767187
206.440903 83.716492 -10.782812
206.090424 83.766647 -10.775000
205.647659 83.847572 -10.767187
205.116348 83.958008 -10.775000
204.501160 84.096405 -10.767187
203.807098 84.261086 -10.775000
203.039047 84.450439 -10.790625
202.201233 84.663048 -10.767187
201.296738 84.897881 -10.759375
200.867233 85.207733 -10.767187
200.710266 85.233475 -10.767187
200.526093 85.275024 -10.775000
200.315079 85.332230 -10.767187
200.077805 85.404884 -10.767187
199.814972 85.492706 -10.767187
199.527390 85.595383 -10.767187
199.215958 85.712555 -10.767187
198.881638 85.843834 -10.775000
198.525391 85.988838 -10.767187
198.148239 86.147156 -10.767187
197.751175 86.318382 -10.767187
197.335098 86.502151 -10.767187
196.900925 86.698090 -10.767187
196.449402 86.905884 -10.775000
195.981216 87.125252 -10.767187
195.496872 87.355965 -10.775000
194.996735 87.597878 -10.767187
194.527237 87.602402 -10.767187
194.298294 87.614349 -10.782812
194.010361 87.633675 -10.767187
193.664215 87.660278 -10.767187
193.260849 87.694031 -10.767187
192.801361 87.734802 -10.767187
192.286896 87.782440 -10.775000
191.718430 87.836838 -10.775000
191.096725 87.897881 -10.775000
190.540115 87.900627 -10.782812
190.188416 87.910225 -10.775000
189.744186 87.926926 -10.775000
189.211456 87.951096 -10.775000
188.595215 87.983154 -10.775000
187.900818 88.023506 -10.775000
187.133469 88.072563 -10.767187
186.297699 88.130623 -10.775000
185.396729 88.197884 -10.767187
184.884491 87.893326 -10.775000
184.596024 87.881142 -10.767187
184.232452 87.861450 -10.767187
183.795624 87.834435 -10.767187
183.287888 87.800331 -10.767187
182.711807 87.759384 -10.767187
182.069885 87.711861 -10.767187
181.364304 87.657974 -10.775000
180.596725 87.597878 -10.775000
180.070068 87.274963 -10.775000
179.761246 87.213539 -10.775000
179.371719 87.114281 -10.767187
178.903870 86.978310 -10.767187
178.360718 86.807037 -10.775000
177.745483 86.601982 -10.782812
177.061340 86.364624 -10.775000
176.311081 86.096268 -10.775000
175.496735 85.797882 -10.775000
174.998825 85.479729 -10.767187
174.730438 85.431374 -10.775000
174.392426 85.353172 -10.775000
173.986191 85.245743 -10.767187
173.513535 85.109848 -10.775000
172.976456 84.946335 -10.767187
172.376892 84.756042 -10.767187
171.716537 84.539703 -10.782812
170.996735 84.297882 -10.767187
170.610458 83.978851 -10.775000
170.495621 83.931152 -10.775000
170.352234 83.854774 -10.767187
170.180344 83.749763 -10.767187
169.980057 83.616180 -10.782812
169.751434 83.454109 -10.767187
169.494614 83.263641 -10.775000
169.209671 83.044868 -10.775000
168.896729 82.797882 -10.790625
168.494537 82.872612 -10.775000
168.342209 82.953751 -10.775000
168.139908 83.041267 -10.775000
167.887878 83.135139 -10.790625
167.586533 83.235313 -10.767187
167.236313 83.341728 -10.767187
166.837662 83.454330 -10.775000
166.391022 83.573059 -10.782812
165.896729 83.697876 -10.775000
165.467224 83.703682 -10.775000
165.310272 83.719238 -10.775000
165.126083 83.744514 -10.759375
164.915070 83.779457 -10.767187
164.677795 83.823944 -10.775000
164.414963 83.877876 -10.775000
164.127396 83.941078 -10.767187
163.815964 84.013405 -10.775000
163.481628 84.094666 -10.767187
163.125397 84.184662 -10.775000
162.748245 84.283218 -10.775000
162.351166 84.390137 -10.775000
161.935104 84.505226 -10.775000
161.500916 84.628319 -10.767187
161.049393 84.759254 -10.767187
160.581207 84.897896 -10.775000
160.096863 85.044136 -10.767187
159.596725 85.197876 -10.767187
159.192825 85.282829 -10.775000
159.055832 85.370537 -10.775000
158.885971 85.460930 -10.775000
158.683762 85.553879 -10.767187
158.449860 85.649216 -10.767187
158.185104 85.746758 -10.775000
157.890488 85.846260 -10.775000
157.567047 85.947479 -10.782812
157.215942 86.050156 -10.767187
156.838379 86.154007 -10.775000
156.435516 86.258774 -10.767187
156.008575 86.364182 -10.767187
155.558655 86.469986 -10.775000
155.086807 86.575951 -10.775000
154.593994 86.681870 -10.767187
154.080978 86.787582 -10.775000
153.548416 86.892944 -10.782812
152.996735 86.997879 -10.782812
152.569000 87.015526 -10.767187
152.397568 87.062386 -10.767187
152.182571 87.138412 -10.767187
151.924271 87.243484 -10.775000
151.623016 87.377426 -10.767187
151.279251 87.540047 -10.767187
150.893356 87.731125 -10.767187
150.465744 87.950462 -10.767187
149.996735 88.197876 -10.767187
149.553833 88.502373 -10.767187
149.384048 88.513985 -10.775000
149.187637 88.532639 -10.775000
148.965057 88.558228 -10.775000
148.717010 88.590553 -10.775000
148.444321 88.629402 -10.767187
148.148041 88.674492 -10.775000
147.829330 88.725525 -10.775000
147.489471 88.782150 -10.767187
147.129898 88.844002 -10.767187
146.752090 88.910675 -10.775000
146.357605 88.981766 -10.767187
145.948059 89.056847 -10.775000
145.525101 89.135468 -10.767187
145.090378 89.217209 -10.767187
144.645569 89.301620 -10.798437
144.192291 89.388268 -10.767187
143.732132 89.476746 -10.767187
143.266602 89.566635 -10.767187
142.797165 89.657570 -10.775000
142.325150 89.749184 -10.767187
141.851776 89.841148 -10.775000
141.378143 89.933189 -10.782812
140.905167 90.025055 -10.782812
140.433609 90.116547 -10.767187
139.964020 90.207520 -10.767187
139.496735 90.297882 -10.767187
