42.612740 31.914785 -10.759375
42.654789 31.687872 -10.759375
42.722404 31.417576 -10.759375
42.814819 31.105194 -10.759375
42.930992 30.752499 -10.759375
43.069641 30.361660 -10.751562
43.229294 29.935175 -10.767187
43.408340 29.475786 -10.759375
43.605057 28.986406 -10.767187
43.817677 28.470041 -10.759375
44.044418 27.929712 -10.759375
44.283539 27.368374 -10.759375
44.533382 26.788845 -10.767187
44.792408 26.193733 -10.759375
45.059254 25.585342 -10.759375
45.332787 24.965614 -10.759375
45.612118 24.336039 -10.759375
45.896687 23.697582 -10.759375
46.078854 23.192152 -10.767187
46.330090 22.878216 -10.751562
46.648678 22.458475 -10.759375
47.031876 21.937237 -10.767187
47.476292 21.319822 -10.759375
47.978271 20.611984 -10.767187
48.534248 19.819321 -10.759375
49.141132 18.946680 -10.767187
49.796684 17.997583 -10.759375
49.845573 17.470291 -10.759375
49.978607 17.160587 -10.751562
50.194572 16.770060 -10.767187
50.491421 16.301283 -10.751562
50.866596 15.757452 -10.790625
51.317284 15.142032 -10.759375
51.840717 14.458410 -10.751562
52.434460 13.709539 -10.782812
53.096684 12.897583 -10.759375
53.188911 12.495799 -10.759375
53.294212 12.366112 -10.759375
53.412472 12.208757 -10.759375
53.543484 12.024183 -10.759375
53.686947 11.813031 -10.751562
53.842480 11.576117 -10.759375
54.009624 11.314412 -10.751562
54.187862 11.029030 -10.751562
54.376614 10.721202 -10.759375
54.575256 10.392263 -10.767187
54.783123 10.043636 -10.767187
54.999516 9.676806 -10.759375
55.223713 9.293311 -10.751562
55.454987 8.894718 -10.759375
55.692593 8.482608 -10.759375
55.935791 8.058556 -10.798437
56.183857 7.624114 -10.759375
56.436085 7.180796 -10.767187
56.691788 6.730054 -10.759375
56.950321 6.273265 -10.759375
57.211090 5.811710 -10.751562
57.473545 5.346558 -10.751562
57.737198 4.878846 -10.767187
58.001633 4.409464 -10.751562
58.266510 3.939135 -10.767187
58.531582 3.468396 -10.751562
58.796684 2.997582 -10.751562
58.814701 2.561450 -10.759375
58.861225 2.395996 -10.759375
58.936066 2.201488 -10.759375
59.038864 1.978419 -10.759375
59.169098 1.727467 -10.759375
59.326134 1.449474 -10.767187
59.509228 1.145410 -10.759375
59.717548 0.816347 -10.767187
59.950222 0.463426 -10.767187
60.206333 0.087827 -10.759375
60.484951 -0.309259 -10.759375
60.785172 -0.726663 -10.759375
61.106121 -1.163265 -10.775000
61.446980 -1.618026 -10.759375
61.807022 -2.090020 -10.759375
62.185623 -2.578460 -10.759375
62.582291 -3.082730 -10.759375
62.996685 -3.602417 -10.759375
63.307320 -4.045873 -10.775000
63.335449 -4.216827 -10.759375
63.380955 -4.415004 -10.759375
63.443592 -4.639893 -10.759375
63.523010 -4.890763 -10.751562
63.618767 -5.166691 -10.767187
63.730324 -5.466576 -10.759375
63.857063 -5.789160 -10.767187
63.998302 -6.133051 -10.751562
64.153305 -6.496741 -10.767187
64.321266 -6.878628 -10.759375
64.501381 -7.277035 -10.751562
64.692772 -7.690230 -10.759375
64.894569 -8.116448 -10.759375
65.105904 -8.553908 -10.767187
65.325874 -9.000839 -10.759375
65.553635 -9.455495 -10.782812
65.788315 -9.916174 -10.759375
66.029121 -10.381247 -10.751562
66.275269 -10.849167 -10.767187
66.526047 -11.318501 -10.767187
66.780792 -11.787937 -10.759375
67.038925 -12.256318 -10.767187
67.299934 -12.722652 -10.751562
67.563416 -13.186137 -10.759375
67.829063 -13.646180 -10.751562
68.096687 -14.102418 -10.759375
68.190491 -14.501621 -10.767187
68.307365 -14.632073 -10.767187
68.447144 -14.793545 -10.759375
68.609505 -14.985606 -10.759375
68.794006 -15.207653 -10.751562
69.000092 -15.458940 -10.759375
69.227135 -15.738599 -10.751562
69.474411 -16.045673 -10.751562
69.741180 -16.379141 -10.759375
70.026649 -16.737944 -10.767187
70.330032 -17.121010 -10.767187
70.650558 -17.527290 -10.759375
70.987480 -17.955774 -10.751562
71.340096 -18.405523 -10.767187
71.707802 -18.875700 -10.775000
72.090050 -19.365587 -10.759375
72.486443 -19.874620 -10.751562
72.896683 -20.402418 -10.759375
72.986038 -20.801229 -10.759375
73.090752 -20.931095 -10.759375
73.210670 -21.091805 -10.767187
73.345520 -21.282959 -10.767187
73.494919 -21.503998 -10.767187
73.658379 -21.754219 -10.759375
73.835365 -22.032814 -10.759375
74.025269 -22.338886 -10.751562
74.227455 -22.671474 -10.759375
74.441254 -23.029589 -10.759375
74.666008 -23.412224 -10.759375
74.901054 -23.818388 -10.751562
75.145775 -24.247135 -10.759375
75.399582 -24.697580 -10.751562
75.661964 -25.168934 -10.759375
75.932487 -25.660519 -10.759375
76.210800 -26.171803 -10.759375
76.496689 -26.702417 -10.759375
76.898605 -27.091541 -10.751562
77.050682 -27.208866 -10.751562
77.252785 -27.354284 -10.751562
77.504654 -27.527594 -10.767187
77.805931 -27.728523 -10.759375
78.156189 -27.956764 -10.759375
78.554993 -28.212008 -10.775000
79.001938 -28.493967 -10.759375
79.496681 -28.802418 -10.759375
79.876930 -28.868505 -10.767187
79.995705 -28.951515 -10.767187
80.152962 -29.051434 -10.767187
80.348610 -29.168213 -10.751562
80.582497 -29.301788 -10.751562
80.854431 -29.452080 -10.759375
81.164238 -29.619001 -10.759375
81.511703 -29.802473 -10.767187
81.896683 -30.002417 -10.775000
82.437874 -30.307032 -10.759375
82.767365 -30.319439 -10.767187
83.183281 -30.339470 -10.759375
83.682594 -30.366861 -10.759375
84.261559 -30.401279 -10.751562
84.916122 -30.442368 -10.751562
85.642303 -30.489777 -10.759375
86.436668 -30.543200 -10.767187
87.296684 -30.602417 -10.759375
87.726189 -30.597963 -10.751562
87.883141 -30.585802 -10.751562
88.067329 -30.565948 -10.767187
88.278343 -30.538437 -10.751562
88.515617 -30.503328 -10.759375
88.778450 -30.460703 -10.759375
89.066025 -30.410648 -10.759375
89.377457 -30.353275 -10.759375
89.711784 -30.288692 -10.759375
90.068024 -30.217022 -10.759375
90.445175 -30.138388 -10.775000
90.842247 -30.052912 -10.751562
91.258316 -29.960711 -10.759375
91.692497 -29.861900 -10.767187
92.144020 -29.756584 -10.759375
92.612206 -29.644850 -10.767187
93.096550 -29.526775 -10.759375
93.596687 -29.402418 -10.782812
94.141876 -29.371790 -10.759375
94.443291 -29.335135 -10.759375
94.799149 -29.294510 -10.782812
95.202789 -29.252232 -10.759375
95.644218 -29.210512 -10.751562
96.111595 -29.171125 -10.759375
96.592766 -29.135052 -10.767187
97.076775 -29.102137 -10.775000
97.555420 -29.070734 -10.751562
98.024666 -29.037790 -10.767187
98.484177 -29.000460 -10.751562
98.934837 -28.955894 -10.759375
99.378227 -28.901035 -10.767187
99.816467 -28.832674 -10.759375
100.252014 -28.747509 -10.775000
100.687515 -28.642210 -10.767187
101.125610 -28.513472 -10.775000
101.568756 -28.358080 -10.767187
102.018883 -28.173149 -10.751562
102.475510 -27.958000 -10.767187
102.934578 -27.715536 -10.767187
103.389313 -27.451557 -10.759375
103.831215 -27.173862 -10.775000
104.251076 -26.891371 -10.767187
104.639969 -26.613230 -10.759375
104.990273 -26.347931 -10.751562
105.296684 -26.102421 -10.759375
105.794586 -26.093344 -10.759375
106.062973 -26.069166 -10.759375
106.400993 -26.030066 -10.759375
106.807228 -25.976349 -10.759375
107.279877 -25.908401 -10.759375
107.816956 -25.826645 -10.759375
108.416534 -25.731499 -10.775000
109.076874 -25.623329 -10.782812
109.796684 -25.502419 -10.759375
110.278435 -25.361914 -10.759375
110.554390 -25.196537 -10.759375
110.922859 -25.006733 -10.767187
111.381104 -24.793224 -10.767187
111.925697 -24.556917 -10.767187
112.552933 -24.298792 -10.767187
113.259155 -24.019810 -10.767187
114.041183 -23.720812 -10.759375
114.896683 -23.402418 -10.759375
115.296486 -23.402418 -10.759375
115.429893 -23.402418 -10.759375
115.596870 -23.402418 -10.759375
115.797333 -23.402418 -10.775000
116.031143 -23.402418 -10.775000
116.298157 -23.402418 -10.767187
116.598183 -23.402418 -10.759375
116.931076 -23.402418 -10.759375
117.296684 -23.402418 -10.775000
117.296684 -22.966711 -10.790625
117.296684 -22.801920 -10.759375
117.296684 -22.608290 -10.759375
117.296684 -22.386276 -10.767187
117.296684 -22.136511 -10.767187
117.296684 -21.859774 -10.759375
117.296684 -21.556973 -10.759375
117.296684 -21.229101 -10.759375
117.296684 -20.877230 -10.767187
117.296684 -20.502457 -10.775000
117.296684 -20.105898 -10.767187
117.296684 -19.688646 -10.759375
117.296684 -19.251747 -10.775000
117.296684 -18.796177 -10.767187
117.296684 -18.322802 -10.767187
117.296684 -17.832361 -10.767187
117.296684 -17.325436 -10.767187
117.296684 -16.802418 -10.767187
