151.796738 43.197880 -10.775000
151.797379 43.070641 -10.775000
151.799332 42.924862 -10.775000
151.802597 42.760582 -10.775000
151.807190 42.577911 -10.759375
151.813095 42.377029 -10.759375
151.820343 42.158176 -10.767187
151.828934 41.921665 -10.759375
151.838867 41.667858 -10.767187
151.850159 41.397182 -10.767187
151.862823 41.110115 -10.767187
151.876846 40.807182 -10.759375
151.892258 40.488964 -10.767187
151.909058 40.156082 -10.767187
151.927246 39.809204 -10.759375
151.946854 39.449032 -10.775000
151.967880 39.076313 -10.759375
151.990326 38.691822 -10.775000
152.014206 38.296368 -10.775000
152.039536 37.890789 -10.775000
152.066315 37.475945 -10.782812
152.094559 37.052723 -10.767187
152.124283 36.622028 -10.767187
152.155472 36.184788 -10.767187
152.188156 35.741932 -10.767187
152.222351 35.294415 -10.767187
152.258041 34.843193 -10.759375
152.295258 34.389233 -10.790625
152.334000 33.933495 -10.759375
152.374268 33.476952 -10.759375
152.416077 33.020565 -10.759375
152.459442 32.565292 -10.767187
152.504364 32.112091 -10.775000
152.550858 31.661894 -10.759375
152.598907 31.215628 -10.759375
152.648544 30.774204 -10.767187
152.699768 30.338511 -10.767187
152.752579 29.909414 -10.767187
152.806976 29.487757 -10.759375
152.862991 29.074352 -10.767187
152.920593 28.669983 -10.767187
152.979813 28.275398 -10.759375
153.040649 27.891310 -10.767187
153.103088 27.518391 -10.759375
153.167160 27.157270 -10.767187
153.232834 26.808535 -10.759375
153.300140 26.472723 -10.759375
153.369049 26.150320 -10.759375
153.439590 25.841761 -10.767187
153.511749 25.547419 -10.767187
153.585526 25.267614 -10.775000
153.660919 25.002604 -10.759375
153.737915 24.752573 -10.759375
153.816528 24.517649 -10.767187
153.896729 24.297880 -10.759375
154.207962 23.867538 -10.759375
154.237122 23.713621 -10.759375
154.284073 23.536333 -10.782812
154.348618 23.336058 -10.759375
154.430420 23.113335 -10.759375
154.529083 22.868860 -10.759375
154.644119 22.603456 -10.767187
154.774948 22.318066 -10.751562
154.920959 22.013735 -10.767187
155.081467 21.691591 -10.759375
155.255737 21.352840 -10.759375
155.443024 20.998739 -10.759375
155.642548 20.630590 -10.759375
155.853485 20.249720 -10.759375
156.075043 19.857464 -10.759375
156.306412 19.455158 -10.759375
156.546783 19.044115 -10.759375
156.795395 18.625614 -10.775000
157.051483 18.200886 -10.751562
157.314346 17.771093 -10.767187
157.583328 17.337322 -10.759375
157.857803 16.900558 -10.767187
158.137253 16.461681 -10.767187
158.421204 16.021444 -10.767187
158.709274 15.580457 -10.759375
159.001175 15.139174 -10.759375
159.296738 14.697880 -10.767187
159.392288 13.983607 -10.767187
159.575516 13.425488 -10.767187
159.847107 12.737382 -10.759375
160.186020 11.965904 -10.767187
160.557938 11.176255 -10.751562
160.923721 10.438070 -10.759375
161.247787 9.811264 -10.759375
161.506516 9.331870 -10.759375
161.696732 8.997890 -10.759375
162.137238 8.562212 -10.767187
162.327606 8.386066 -10.759375
162.567062 8.170242 -10.759375
162.854233 7.916123 -10.775000
163.187195 7.625591 -10.759375
163.563644 7.300945 -10.767187
163.980896 6.944821 -10.767187
164.435989 6.560112 -10.759375
164.925827 6.149888 -10.759375
165.447159 5.717307 -10.759375
165.996735 5.265544 -10.759375
166.571396 4.797704 -10.767187
167.168076 4.316744 -10.767187
167.784012 3.825388 -10.775000
168.416672 3.326049 -10.759375
169.063995 2.820746 -10.759375
169.724365 2.311027 -10.759375
170.396729 1.797880 -10.759375
170.923386 1.820793 -10.767187
171.232224 1.882224 -10.759375
171.621750 1.981483 -10.759375
172.089584 2.117448 -10.759375
172.632751 2.288720 -10.759375
173.247986 2.493779 -10.759375
173.932114 2.731135 -10.767187
174.682388 2.999489 -10.759375
175.496735 3.297880 -10.775000
176.009521 3.332973 -10.767187
176.298737 3.428639 -10.767187
176.663132 3.584206 -10.767187
177.100708 3.798517 -10.767187
177.608963 4.070100 -10.759375
178.185165 4.397333 -10.759375
178.826660 4.778603 -10.759375
179.531082 5.212481 -10.759375
180.296738 5.697879 -10.767187
180.710037 5.802090 -10.759375
180.879349 5.947665 -10.759375
181.104477 6.134443 -10.759375
181.384995 6.362105 -10.767187
181.720291 6.630229 -10.759375
182.109756 6.938332 -10.767187
182.552689 7.285926 -10.759375
183.048523 7.672562 -10.751562
183.596725 8.097879 -10.751562
184.137924 8.434798 -10.759375
184.467407 8.534047 -10.759375
184.883331 8.694299 -10.759375
185.382645 8.913423 -10.759375
185.961609 9.188772 -10.751562
186.616165 9.517480 -10.775000
187.342346 9.896748 -10.751562
188.136719 10.324141 -10.759375
188.996735 10.797879 -10.775000
189.466629 10.842129 -10.759375
189.695999 10.960593 -10.759375
189.984344 11.152822 -10.751562
190.330856 11.417988 -10.767187
190.734451 11.755003 -10.759375
191.193939 12.162653 -10.759375
191.708145 12.639715 -10.767187
192.276016 13.185081 -10.759375
192.896729 13.797879 -10.759375
193.394638 14.134178 -10.767187
193.663025 14.230890 -10.767187
194.001038 14.387290 -10.767187
194.407272 14.602157 -10.759375
194.879929 14.873947 -10.751562
195.417007 15.200972 -10.759375
196.016571 15.581558 -10.751562
196.676926 16.014231 -10.759375
197.396729 16.497879 -10.759375
197.798935 16.600075 -10.759375
197.951248 16.752396 -10.759375
198.153564 16.954708 -10.759375
198.405579 17.206728 -10.759375
198.706924 17.508074 -10.759375
199.057144 17.858299 -10.759375
199.455795 18.256947 -10.759375
199.902435 18.703590 -10.759375
200.396729 19.197878 -10.767187
200.924026 19.246767 -10.759375
201.233734 19.379803 -10.775000
201.624252 19.595764 -10.767187
202.093033 19.892616 -10.767187
202.636856 20.267790 -10.759375
203.252289 20.718477 -10.767187
203.935898 21.241911 -10.759375
204.684769 21.835651 -10.759375
205.496735 22.497879 -10.759375
206.008972 22.548004 -10.759375
206.297440 22.681988 -10.759375
206.661011 22.898592 -10.751562
207.097839 23.195765 -10.767187
207.605576 23.570932 -10.767187
208.181656 24.021292 -10.775000
208.823578 24.544081 -10.759375
209.529160 25.136879 -10.759375
210.296738 25.797880 -10.759375
210.789551 25.970034 -10.767187
211.083267 26.205261 -10.759375
211.475891 26.501865 -10.775000
211.964188 26.857172 -10.767187
212.544098 27.267899 -10.759375
213.211273 27.730497 -10.759375
213.961426 28.241535 -10.759375
214.790833 28.798042 -10.759375
215.696732 29.397879 -10.759375
216.117538 29.822008 -10.767187
216.292999 30.008154 -10.759375
216.522751 30.256006 -10.767187
216.806137 30.564976 -10.767187
217.142319 30.934286 -10.759375
217.530350 31.363066 -10.759375
217.969284 31.850433 -10.759375
218.458298 32.395584 -10.759375
218.996735 32.997879 -10.767187
219.410034 33.102089 -10.767187
219.579361 33.247665 -10.767187
219.804489 33.434444 -10.775000
220.084991 33.662106 -10.767187
220.420288 33.930229 -10.767187
220.809753 34.238331 -10.759375
221.252701 34.585926 -10.751562
221.748520 34.972561 -10.767187
222.296738 35.397881 -10.767187
222.410034 35.811176 -10.782812
222.579361 35.980503 -10.782812
222.804489 36.205631 -10.759375
223.084991 36.486137 -10.767187
223.420288 36.821445 -10.775000
223.809753 37.210899 -10.775000
224.252701 37.653843 -10.782812
224.748520 38.149666 -10.767187
225.296738 38.697880 -10.759375
225.710037 38.811176 -10.775000
225.879349 38.980503 -10.775000
226.104477 39.205631 -10.767187
226.384995 39.486137 -10.767187
226.720291 39.821445 -10.759375
227.109756 40.210899 -10.759375
227.552689 40.653843 -10.759375
228.048523 41.149666 -10.767187
228.596725 41.697880 -10.775000
229.032471 41.833626 -10.767187
229.236359 42.037510 -10.767187
229.507874 42.309029 -10.767187
229.846146 42.647293 -10.759375
230.250015 43.051159 -10.759375
230.718201 43.519344 -10.759375
231.249435 44.050579 -10.782812
231.842575 44.643719 -10.782812
232.496735 45.297878 -10.759375
232.432770 45.688816 -10.775000
232.368073 45.824085 -10.775000
232.302628 46.003620 -10.767187
232.236496 46.227257 -10.767187
232.169708 46.494759 -10.775000
232.102310 46.805855 -10.759375
232.034317 47.160252 -10.759375
231.965790 47.557674 -10.759375
231.896729 47.997879 -10.759375
231.587692 48.467381 -10.767187
231.563782 48.696316 -10.759375
231.525146 48.984249 -10.759375
231.471939 49.330399 -10.767187
231.404419 49.733768 -10.775000
231.322891 50.193245 -10.767187
231.227600 50.707718 -10.759375
231.118820 51.276184 -10.767187
230.996735 51.897881 -10.767187
